function mpc = case8_isone_1_1
%CASE8_ISONE_1_1  8-zone synthetic grid based on ISO-NE data
%  This case represents hour 1/96 (4 days) and scenario 1/90.
%  Original system was created by Dheepak Krishnamurthy, Wanning Li
%  and Leigh Tesfatsion from Iowa State University.
%  Please cite [1] when publishing results based on this system.
%
%  [1] Krishnamurthy, Dheepak, Wanning Li, and Leigh Tesfatsion.
%  "An 8-zone test system based on ISO New England data: Development
%  and application." IEEE Transactions on Power Systems (2015).
%
%  Line capacities (RATE_A, RATE_B, RATE_C) are added based on line flow computation.
%
%  This Matpower case was created by X. Geng (06/21/2020).
%  Complete details (original data, scripts, revised cases) can be found at:
%  https://github.com/xb00dx/ISO-NE-8Zone-Test-System

%% MATPOWER Case Format : Version 2
mpc.version = '2';

%%-----  Power Flow Data  -----%%
%% system MVA base
mpc.baseMVA = 100;

%% bus data
%	bus_i	type	Pd	Qd	Gs	Bs	area	Vm	Va	baseKV	zone	Vmax	Vmin	lam_P	lam_Q	mu_Vmax	mu_Vmin
mpc.bus = [
	1	2	971	0	0	0	1	1	13.5635477	345	1	1.05	0.95	51.4314	0.0000	0.0000	0.0000;
	2	2	2319	0	0	0	2	1	-3.94481442	345	2	1.05	0.95	51.4314	0.0000	0.0000	0.0000;
	3	2	1346	0	0	0	3	1	-4.91119491	345	3	1.05	0.95	51.4314	0.0000	0.0000	0.0000;
	4	3	1690	0	0	0	4	1	0	345	4	1.05	0.95	51.4314	0.0000	0.0000	0.0000;
	5	2	700	0	0	0	5	1	3.51651511	345	5	1.05	0.95	51.4314	0.0000	0.0000	0.0000;
	6	2	2908	0	0	0	6	1	-7.06662523	345	6	1.05	0.95	51.4314	0.0000	0.0000	0.0000;
	7	2	529	0	0	0	7	1	3.1271998	345	7	1.05	0.95	51.4314	0.0000	0.0000	0.0000;
	8	2	989	0	0	0	8	1	4.68277445	345	8	1.05	0.95	51.4314	0.0000	0.0000	0.0000;
];

%% generator data
%	bus	Pg	Qg	Qmax	Qmin	Vg	mBase	status	Pmax	Pmin	Pc1	Pc2	Qc1min	Qc1max	Qc2min	Qc2max	ramp_agc	ramp_10	ramp_30	ramp_q	apf	mu_Pmax	mu_Pmin	mu_Qmax	mu_Qmin
mpc.gen = [
	4	1244	0	0	0	1	100	1	1244	0	0	0	0	0	0	0	2	20	60	0	0	40.9338	0.0000	0.0000	0.0000;
	1	1235	0	0	0	1	100	1	1235	0	0	0	0	0	0	0	2	20	60	0	0	40.8633	0.0000	0.0000	0.0000;
	1	881	0	0	0	1	100	1	881	0	0	0	0	0	0	0	2	20	60	0	0	46.1671	0.0000	0.0000	0.0000;
	6	684.7	0	0	0	1	100	1	684.7	0	0	0	0	0	0	0	2	20	60	0	0	44.1438	0.0000	0.0000	0.0000;
	7	620.2	0	0	0	1	100	1	620.2	0	0	0	0	0	0	0	2	20	60	0	0	40.1585	0.0000	0.0000	0.0000;
	5	612	0	0	0	1	100	1	612	0	0	0	0	0	0	0	2	20	60	0	0	33.0045	0.0000	0.0000	0.0000;
	1	372.2	0	0	0	1	100	1	372.2	0	0	0	0	0	0	0	2	20	60	0	0	30.2082	0.0000	0.0000	0.0000;
	1	372.2	0	0	0	1	100	1	372.2	0	0	0	0	0	0	0	2	20	60	0	0	30.2082	0.0000	0.0000	0.0000;
	5	244	0	0	0	1	100	1	244	0	0	0	0	0	0	0	2	20	60	0	0	33.2728	0.0000	0.0000	0.0000;
	5	243.5	0	0	0	1	100	1	243.5	0	0	0	0	0	0	0	2	20	60	0	0	33.1729	0.0000	0.0000	0.0000;
	2	149.8	0	0	0	1	100	1	149.8	0	0	0	0	0	0	0	2	20	60	0	0	32.9954	0.0000	0.0000	0.0000;
	8	144.4	0	0	0	1	100	1	144.4	0	0	0	0	0	0	0	2	20	60	0	0	33.0967	0.0000	0.0000	0.0000;
	2	82	0	0	0	1	100	1	82	0	0	0	0	0	0	0	2	20	60	0	0	33.0117	0.0000	0.0000	0.0000;
	2	80	0	0	0	1	100	1	80	0	0	0	0	0	0	0	2	20	60	0	0	33.1122	0.0000	0.0000	0.0000;
	4	47.9	0	0	0	1	100	1	47.9	0	0	0	0	0	0	0	2	20	60	0	0	31.2914	0.0000	0.0000	0.0000;
	4	47.5	0	0	0	1	100	1	47.5	0	0	0	0	0	0	0	2	20	60	0	0	31.2927	0.0000	0.0000	0.0000;
	2	1.11084041e-12	0	0	0	1	100	1	600.4	0	0	0	0	0	0	0	2	20	60	0	0	0.0000	109.1186	0.0000	0.0000;
	6	1.19088277e-12	0	0	0	1	100	1	558.7	0	0	0	0	0	0	0	2	20	60	0	0	0.0000	101.7286	0.0000	0.0000;
	6	8.62539194e-13	0	0	0	1	100	1	553	0	0	0	0	0	0	0	2	20	60	0	0	0.0000	140.6286	0.0000	0.0000;
	1	1.11541154e-12	0	0	0	1	100	1	447.9	0	0	0	0	0	0	0	2	20	60	0	0	0.0000	108.5686	0.0000	0.0000;
	5	8.62391757e-13	0	0	0	1	100	1	435	0	0	0	0	0	0	0	2	20	60	0	0	0.0000	140.5686	0.0000	0.0000;
	2	6.68246848e-13	0	0	0	1	100	1	431	0	0	0	0	0	0	0	2	20	60	0	0	0.0000	181.5686	0.0000	0.0000;
	1	6.66568146e-13	0	0	0	1	100	1	407.4	0	0	0	0	0	0	0	2	20	60	0	0	0.0000	181.9886	0.0000	0.0000;
	4	7.20951184e-11	0	0	0	1	100	1	400.2	0	0	0	0	0	0	0	2	20	60	0	0	0.0000	3.1386	0.0000	0.0000;
	1	8.15271477e-13	0	0	0	1	100	1	400	0	0	0	0	0	0	0	2	20	60	0	0	0.0000	148.7086	0.0000	0.0000;
	1	8.6172657e-13	0	0	0	1	100	1	236	0	0	0	0	0	0	0	2	20	60	0	0	0.0000	140.6286	0.0000	0.0000;
	1	1.21264767e-12	0	0	0	1	100	1	168	0	0	0	0	0	0	0	2	20	60	0	0	0.0000	99.7286	0.0000	0.0000;
	1	1.19886821e-12	0	0	0	1	100	1	130.5	0	0	0	0	0	0	0	2	20	60	0	0	0.0000	100.7286	0.0000	0.0000;
	1	8.6045393e-13	0	0	0	1	100	1	117	0	0	0	0	0	0	0	2	20	60	0	0	0.0000	140.6286	0.0000	0.0000;
	2	1.17457197e-12	0	0	0	1	100	1	115.5	0	0	0	0	0	0	0	2	20	60	0	0	0.0000	102.7286	0.0000	0.0000;
	1	1.21217163e-10	0	0	0	1	100	1	81	0	0	0	0	0	0	0	2	20	60	0	0	0.0000	2.5686	0.0000	0.0000;
	2	693.8	0	0	0	1	100	1	693.8	0	0	0	0	0	0	0	6.66666667	66.6666667	200	0	0	24.2218	0.0000	0.0000	0.0000;
	2	685.3	0	0	0	1	100	1	685.3	0	0	0	0	0	0	0	6.66666667	66.6666667	200	0	0	22.2892	0.0000	0.0000	0.0000;
	6	2.62656111e-11	0	0	0	1	100	1	675.5	0	0	0	0	0	0	0	6.66666667	66.6666667	200	0	0	0.0000	5.5686	0.0000	0.0000;
	2	3.13802841e-12	0	0	0	1	100	1	554.8	0	0	0	0	0	0	0	6.66666667	66.6666667	200	0	0	0.0000	38.5686	0.0000	0.0000;
	5	515.5	0	0	0	1	100	1	515.5	0	0	0	0	0	0	0	6.66666667	66.6666667	200	0	0	20.7009	0.0000	0.0000	0.0000;
	4	508	0	0	0	1	100	1	508	0	0	0	0	0	0	0	6.66666667	66.6666667	200	0	0	25.3347	0.0000	0.0000	0.0000;
	2	490.4	0	0	0	1	100	1	490.4	0	0	0	0	0	0	0	6.66666667	66.6666667	200	0	0	25.5674	0.0000	0.0000	0.0000;
	1	245.1	0	0	0	1	100	1	447.9	0	0	0	0	0	0	0	6.66666667	66.6666667	200	0	0	0.0000	0.0000	0.0000	0.0000;
	5	270.9	0	0	0	1	100	1	270.9	0	0	0	0	0	0	0	6.66666667	66.6666667	200	0	0	11.3042	0.0000	0.0000	0.0000;
	5	2.62983009e-11	0	0	0	1	100	1	264.9	0	0	0	0	0	0	0	6.66666667	66.6666667	200	0	0	0.0000	5.5686	0.0000	0.0000;
	5	248.7	0	0	0	1	100	1	248.7	0	0	0	0	0	0	0	6.66666667	66.6666667	200	0	0	29.1914	0.0000	0.0000	0.0000;
	5	247.8	0	0	0	1	100	1	247.8	0	0	0	0	0	0	0	6.66666667	66.6666667	200	0	0	29.1415	0.0000	0.0000	0.0000;
	5	247.8	0	0	0	1	100	1	247.8	0	0	0	0	0	0	0	6.66666667	66.6666667	200	0	0	29.2415	0.0000	0.0000	0.0000;
	2	8.6026988e-09	0	0	0	1	100	1	244.9	0	0	0	0	0	0	0	6.66666667	66.6666667	200	0	0	0.0000	0.5686	0.0000	0.0000;
	6	2.08800379e-11	0	0	0	1	100	1	244.8	0	0	0	0	0	0	0	6.66666667	66.6666667	200	0	0	0.0000	6.5686	0.0000	0.0000;
	5	2.3354794e-11	0	0	0	1	100	1	238.6	0	0	0	0	0	0	0	6.66666667	66.6666667	200	0	0	0.0000	6.0686	0.0000	0.0000;
	8	238.3	0	0	0	1	100	1	238.3	0	0	0	0	0	0	0	6.66666667	66.6666667	200	0	0	24.6441	0.0000	0.0000	0.0000;
	5	3.05488893e-11	0	0	0	1	100	1	236.4	0	0	0	0	0	0	0	6.66666667	66.6666667	200	0	0	0.0000	5.0686	0.0000	0.0000;
	2	3.0960097e-12	0	0	0	1	100	1	153.5	0	0	0	0	0	0	0	6.66666667	66.6666667	200	0	0	0.0000	38.5686	0.0000	0.0000;
	5	3.16578333e-11	0	0	0	1	100	1	149	0	0	0	0	0	0	0	6.66666667	66.6666667	200	0	0	0.0000	5.0686	0.0000	0.0000;
	5	3.0405471e-11	0	0	0	1	100	1	149	0	0	0	0	0	0	0	6.66666667	66.6666667	200	0	0	0.0000	5.3186	0.0000	0.0000;
	5	2.90415939e-11	0	0	0	1	100	1	149	0	0	0	0	0	0	0	6.66666667	66.6666667	200	0	0	0.0000	5.5686	0.0000	0.0000;
	5	2.77673848e-11	0	0	0	1	100	1	149	0	0	0	0	0	0	0	6.66666667	66.6666667	200	0	0	0.0000	5.8186	0.0000	0.0000;
	6	2.60902401e-11	0	0	0	1	100	1	141.1	0	0	0	0	0	0	0	6.66666667	66.6666667	200	0	0	0.0000	5.8186	0.0000	0.0000;
	8	2.75018926e-12	0	0	0	1	100	1	141	0	0	0	0	0	0	0	6.66666667	66.6666667	200	0	0	0.0000	43.5686	0.0000	0.0000;
	6	2.35634475e-11	0	0	0	1	100	1	104.9	0	0	0	0	0	0	0	6.66666667	66.6666667	200	0	0	0.0000	6.0686	0.0000	0.0000;
	8	2.46441668e-12	0	0	0	1	100	1	104	0	0	0	0	0	0	0	6.66666667	66.6666667	200	0	0	0.0000	48.5686	0.0000	0.0000;
	1	3.22074303e-11	0	0	0	1	100	1	43.9	0	0	0	0	0	0	0	6.66666667	66.6666667	200	0	0	0.0000	5.5986	0.0000	0.0000;
	1	3.22413817e-11	0	0	0	1	100	1	43.5	0	0	0	0	0	0	0	6.66666667	66.6666667	200	0	0	0.0000	5.5986	0.0000	0.0000;
	1	3.22413817e-11	0	0	0	1	100	1	43.5	0	0	0	0	0	0	0	6.66666667	66.6666667	200	0	0	0.0000	5.5986	0.0000	0.0000;
	1	3.2320121e-11	0	0	0	1	100	1	42.6	0	0	0	0	0	0	0	6.66666667	66.6666667	200	0	0	0.0000	5.5986	0.0000	0.0000;
