function mpc = case8_isone_6_38
%CASE8_ISONE_6_38  8-zone synthetic grid based on ISO-NE data
%  This case represents hour 6/96 (4 days) and scenario 38/90.
%  Original system was created by Dheepak Krishnamurthy, Wanning Li
%  and Leigh Tesfatsion from Iowa State University.
%  Please cite [1] when publishing results based on this system.
%
%  [1] Krishnamurthy, Dheepak, Wanning Li, and Leigh Tesfatsion.
%  "An 8-zone test system based on ISO New England data: Development
%  and application." IEEE Transactions on Power Systems (2015).
%
%  Line capacities (RATE_A, RATE_B, RATE_C) are added based on line flow computation.
%
%  This Matpower case was created by X. Geng (06/21/2020).
%  Complete details (original data, scripts, revised cases) can be found at:
%  https://github.com/xb00dx/ISO-NE-8Zone-Test-System

%% MATPOWER Case Format : Version 2
mpc.version = '2';

%%-----  Power Flow Data  -----%%
%% system MVA base
mpc.baseMVA = 100;

%% bus data
%	bus_i	type	Pd	Qd	Gs	Bs	area	Vm	Va	baseKV	zone	Vmax	Vmin	lam_P	lam_Q	mu_Vmax	mu_Vmin
mpc.bus = [
	1	2	1200	0	0	0	1	1	10.3778947	345	1	1.05	0.95	50.7539	0.0000	0.0000	0.0000;
	2	2	2164	0	0	0	2	1	0.495608493	345	2	1.05	0.95	50.7539	0.0000	0.0000	0.0000;
	3	2	1276	0	0	0	3	1	-5.42399694	345	3	1.05	0.95	50.7539	0.0000	0.0000	0.0000;
	4	3	1630	0	0	0	4	1	0	345	4	1.05	0.95	50.7539	0.0000	0.0000	0.0000;
	5	2	695	0	0	0	5	1	2.43379786	345	5	1.05	0.95	50.7539	0.0000	0.0000	0.0000;
	6	2	2776	0	0	0	6	1	-7.48623272	345	6	1.05	0.95	50.7539	0.0000	0.0000	0.0000;
	7	2	572	0	0	0	7	1	1.77193647	345	7	1.05	0.95	50.7539	0.0000	0.0000	0.0000;
	8	2	1023	0	0	0	8	1	2.77284722	345	8	1.05	0.95	50.7539	0.0000	0.0000	0.0000;
];

%% generator data
%	bus	Pg	Qg	Qmax	Qmin	Vg	mBase	status	Pmax	Pmin	Pc1	Pc2	Qc1min	Qc1max	Qc2min	Qc2max	ramp_agc	ramp_10	ramp_30	ramp_q	apf	mu_Pmax	mu_Pmin	mu_Qmax	mu_Qmin
mpc.gen = [
	4	1244	0	0	0	1	100	1	1244	0	0	0	0	0	0	0	2	20	60	0	0	40.2563	0.0000	0.0000	0.0000;
	1	1235	0	0	0	1	100	1	1235	0	0	0	0	0	0	0	2	20	60	0	0	40.1858	0.0000	0.0000	0.0000;
	1	881	0	0	0	1	100	1	881	0	0	0	0	0	0	0	2	20	60	0	0	45.4896	0.0000	0.0000	0.0000;
	6	684.7	0	0	0	1	100	1	684.7	0	0	0	0	0	0	0	2	20	60	0	0	43.4664	0.0000	0.0000	0.0000;
	7	620.2	0	0	0	1	100	1	620.2	0	0	0	0	0	0	0	2	20	60	0	0	39.4811	0.0000	0.0000	0.0000;
	5	612	0	0	0	1	100	1	612	0	0	0	0	0	0	0	2	20	60	0	0	32.3271	0.0000	0.0000	0.0000;
	1	372.2	0	0	0	1	100	1	372.2	0	0	0	0	0	0	0	2	20	60	0	0	29.5308	0.0000	0.0000	0.0000;
	1	372.2	0	0	0	1	100	1	372.2	0	0	0	0	0	0	0	2	20	60	0	0	29.5308	0.0000	0.0000	0.0000;
	5	244	0	0	0	1	100	1	244	0	0	0	0	0	0	0	2	20	60	0	0	32.5954	0.0000	0.0000	0.0000;
	5	243.5	0	0	0	1	100	1	243.5	0	0	0	0	0	0	0	2	20	60	0	0	32.4955	0.0000	0.0000	0.0000;
	2	149.8	0	0	0	1	100	1	149.8	0	0	0	0	0	0	0	2	20	60	0	0	32.3180	0.0000	0.0000	0.0000;
	8	144.4	0	0	0	1	100	1	144.4	0	0	0	0	0	0	0	2	20	60	0	0	32.4193	0.0000	0.0000	0.0000;
	2	82	0	0	0	1	100	1	82	0	0	0	0	0	0	0	2	20	60	0	0	32.3343	0.0000	0.0000	0.0000;
	2	80	0	0	0	1	100	1	80	0	0	0	0	0	0	0	2	20	60	0	0	32.4347	0.0000	0.0000	0.0000;
	4	47.9	0	0	0	1	100	1	47.9	0	0	0	0	0	0	0	2	20	60	0	0	30.6140	0.0000	0.0000	0.0000;
	4	47.5	0	0	0	1	100	1	47.5	0	0	0	0	0	0	0	2	20	60	0	0	30.6153	0.0000	0.0000	0.0000;
	2	4.11815955e-13	0	0	0	1	100	1	600.4	0	0	0	0	0	0	0	2	20	60	0	0	0.0000	109.7961	0.0000	0.0000;
	6	4.33446062e-13	0	0	0	1	100	1	558.7	0	0	0	0	0	0	0	2	20	60	0	0	0.0000	102.4061	0.0000	0.0000;
	6	3.19204538e-13	0	0	0	1	100	1	553	0	0	0	0	0	0	0	2	20	60	0	0	0.0000	141.3061	0.0000	0.0000;
	1	4.10004261e-13	0	0	0	1	100	1	447.9	0	0	0	0	0	0	0	2	20	60	0	0	0.0000	109.2461	0.0000	0.0000;
	5	3.2005493e-13	0	0	0	1	100	1	435	0	0	0	0	0	0	0	2	20	60	0	0	0.0000	141.2461	0.0000	0.0000;
	2	2.50929942e-13	0	0	0	1	100	1	431	0	0	0	0	0	0	0	2	20	60	0	0	0.0000	182.2461	0.0000	0.0000;
	1	2.49267072e-13	0	0	0	1	100	1	407.4	0	0	0	0	0	0	0	2	20	60	0	0	0.0000	182.6661	0.0000	0.0000;
	4	1.39933571e-11	0	0	0	1	100	1	400.2	0	0	0	0	0	0	0	2	20	60	0	0	0.0000	3.8161	0.0000	0.0000;
	1	3.03383146e-13	0	0	0	1	100	1	400	0	0	0	0	0	0	0	2	20	60	0	0	0.0000	149.3861	0.0000	0.0000;
	1	3.20971688e-13	0	0	0	1	100	1	236	0	0	0	0	0	0	0	2	20	60	0	0	0.0000	141.3061	0.0000	0.0000;
	1	4.47012161e-13	0	0	0	1	100	1	168	0	0	0	0	0	0	0	2	20	60	0	0	0.0000	100.4061	0.0000	0.0000;
	1	4.40375706e-13	0	0	0	1	100	1	130.5	0	0	0	0	0	0	0	2	20	60	0	0	0.0000	101.4061	0.0000	0.0000;
	1	3.20657961e-13	0	0	0	1	100	1	117	0	0	0	0	0	0	0	2	20	60	0	0	0.0000	141.3061	0.0000	0.0000;
	2	4.31273871e-13	0	0	0	1	100	1	115.5	0	0	0	0	0	0	0	2	20	60	0	0	0.0000	103.4061	0.0000	0.0000;
	1	2.90221081e-11	0	0	0	1	100	1	81	0	0	0	0	0	0	0	2	20	60	0	0	0.0000	3.2461	0.0000	0.0000;
	2	693.8	0	0	0	1	100	1	693.8	0	0	0	0	0	0	0	6.66666667	66.6666667	200	0	0	23.5444	0.0000	0.0000	0.0000;
	2	685.3	0	0	0	1	100	1	685.3	0	0	0	0	0	0	0	6.66666667	66.6666667	200	0	0	21.6118	0.0000	0.0000	0.0000;
	6	4.48786789e-12	0	0	0	1	100	1	675.5	0	0	0	0	0	0	0	6.66666667	66.6666667	200	0	0	0.0000	6.2461	0.0000	0.0000;
	2	1.10869226e-12	0	0	0	1	100	1	554.8	0	0	0	0	0	0	0	6.66666667	66.6666667	200	0	0	0.0000	39.2461	0.0000	0.0000;
	5	515.5	0	0	0	1	100	1	515.5	0	0	0	0	0	0	0	6.66666667	66.6666667	200	0	0	20.0234	0.0000	0.0000	0.0000;
	4	508	0	0	0	1	100	1	508	0	0	0	0	0	0	0	6.66666667	66.6666667	200	0	0	24.6572	0.0000	0.0000	0.0000;
	2	490.4	0	0	0	1	100	1	490.4	0	0	0	0	0	0	0	6.66666667	66.6666667	200	0	0	24.8900	0.0000	0.0000	0.0000;
	1	129.1	0	0	0	1	100	1	447.9	0	0	0	0	0	0	0	6.66666667	66.6666667	200	0	0	0.0000	0.0000	0.0000	0.0000;
	5	270.9	0	0	0	1	100	1	270.9	0	0	0	0	0	0	0	6.66666667	66.6666667	200	0	0	10.6267	0.0000	0.0000	0.0000;
	5	5.91097691e-12	0	0	0	1	100	1	264.9	0	0	0	0	0	0	0	6.66666667	66.6666667	200	0	0	0.0000	6.2461	0.0000	0.0000;
	5	248.7	0	0	0	1	100	1	248.7	0	0	0	0	0	0	0	6.66666667	66.6666667	200	0	0	28.5140	0.0000	0.0000	0.0000;
	5	247.8	0	0	0	1	100	1	247.8	0	0	0	0	0	0	0	6.66666667	66.6666667	200	0	0	28.4640	0.0000	0.0000	0.0000;
	5	247.8	0	0	0	1	100	1	247.8	0	0	0	0	0	0	0	6.66666667	66.6666667	200	0	0	28.5640	0.0000	0.0000	0.0000;
	2	4.46472159e-10	0	0	0	1	100	1	244.9	0	0	0	0	0	0	0	6.66666667	66.6666667	200	0	0	0.0000	1.2461	0.0000	0.0000;
	6	4.57462279e-12	0	0	0	1	100	1	244.8	0	0	0	0	0	0	0	6.66666667	66.6666667	200	0	0	0.0000	7.2461	0.0000	0.0000;
	5	5.18921448e-12	0	0	0	1	100	1	238.6	0	0	0	0	0	0	0	6.66666667	66.6666667	200	0	0	0.0000	6.7461	0.0000	0.0000;
	8	238.3	0	0	0	1	100	1	238.3	0	0	0	0	0	0	0	6.66666667	66.6666667	200	0	0	23.9667	0.0000	0.0000	0.0000;
	5	6.76288537e-12	0	0	0	1	100	1	236.4	0	0	0	0	0	0	0	6.66666667	66.6666667	200	0	0	0.0000	5.7461	0.0000	0.0000;
	2	1.03314805e-12	0	0	0	1	100	1	153.5	0	0	0	0	0	0	0	6.66666667	66.6666667	200	0	0	0.0000	39.2461	0.0000	0.0000;
	5	8.59824086e-12	0	0	0	1	100	1	149	0	0	0	0	0	0	0	6.66666667	66.6666667	200	0	0	0.0000	5.7461	0.0000	0.0000;
	5	8.25298831e-12	0	0	0	1	100	1	149	0	0	0	0	0	0	0	6.66666667	66.6666667	200	0	0	0.0000	5.9961	0.0000	0.0000;
	5	7.92548923e-12	0	0	0	1	100	1	149	0	0	0	0	0	0	0	6.66666667	66.6666667	200	0	0	0.0000	6.2461	0.0000	0.0000;
	5	7.6550249e-12	0	0	0	1	100	1	149	0	0	0	0	0	0	0	6.66666667	66.6666667	200	0	0	0.0000	6.4961	0.0000	0.0000;
	6	7.29524805e-12	0	0	0	1	100	1	141.1	0	0	0	0	0	0	0	6.66666667	66.6666667	200	0	0	0.0000	6.4961	0.0000	0.0000;
	8	9.3557843e-13	0	0	0	1	100	1	141	0	0	0	0	0	0	0	6.66666667	66.6666667	200	0	0	0.0000	44.2461	0.0000	0.0000;
	6	6.97727819e-12	0	0	0	1	100	1	104.9	0	0	0	0	0	0	0	6.66666667	66.6666667	200	0	0	0.0000	6.7461	0.0000	0.0000;
	8	8.54804495e-13	0	0	0	1	100	1	104	0	0	0	0	0	0	0	6.66666667	66.6666667	200	0	0	0.0000	49.2461	0.0000	0.0000;
	1	1.01924695e-11	0	0	0	1	100	1	43.9	0	0	0	0	0	0	0	6.66666667	66.6666667	200	0	0	0.0000	6.2761	0.0000	0.0000;
	1	1.02212649e-11	0	0	0	1	100	1	43.5	0	0	0	0	0	0	0	6.66666667	66.6666667	200	0	0	0.0000	6.2761	0.0000	0.0000;
	1	1.02212649e-11	0	0	0	1	100	1	43.5	0	0	0	0	0	0	0	6.66666667	66.6666667	200	0	0	0.0000	6.2761	0.0000	0.0000;
	1	1.0286218e-11	0	0	0	1	100	1	42.6	0	0	0	0	0	0	0	6.66666667	66.6666667	200	0	0	0.0000	6.2761	0.0000	0.0000;
