function mpc = case8_isone_76_88
%CASE8_ISONE_76_88  8-zone synthetic grid based on ISO-NE data
%  This case represents hour 76/96 (4 days) and scenario 88/90.
%  Original system was created by Dheepak Krishnamurthy, Wanning Li
%  and Leigh Tesfatsion from Iowa State University.
%  Please cite [1] when publishing results based on this system.
%
%  [1] Krishnamurthy, Dheepak, Wanning Li, and Leigh Tesfatsion.
%  "An 8-zone test system based on ISO New England data: Development
%  and application." IEEE Transactions on Power Systems (2015).
%
%  Line capacities (RATE_A, RATE_B, RATE_C) are added based on line flow computation.
%
%  This Matpower case was created by X. Geng (06/21/2020).
%  Complete details (original data, scripts, revised cases) can be found at:
%  https://github.com/xb00dx/ISO-NE-8Zone-Test-System

%% MATPOWER Case Format : Version 2
mpc.version = '2';

%%-----  Power Flow Data  -----%%
%% system MVA base
mpc.baseMVA = 100;

%% bus data
%	bus_i	type	Pd	Qd	Gs	Bs	area	Vm	Va	baseKV	zone	Vmax	Vmin	lam_P	lam_Q	mu_Vmax	mu_Vmin
mpc.bus = [
	1	2	895	0	0	0	1	1	11.9946221	345	1	1.05	0.95	25.9377	0.0000	0.0000	0.0000;
	2	2	1925	0	0	0	2	1	-14.5732414	345	2	1.05	0.95	25.9377	0.0000	0.0000	0.0000;
	3	2	1116	0	0	0	3	1	-4.15098443	345	3	1.05	0.95	25.9377	0.0000	0.0000	0.0000;
	4	3	1347	0	0	0	4	1	0	345	4	1.05	0.95	25.9377	0.0000	0.0000	0.0000;
	5	2	589	0	0	0	5	1	2.18278808	345	5	1.05	0.95	25.9377	0.0000	0.0000	0.0000;
	6	2	2337	0	0	0	6	1	-5.717589	345	6	1.05	0.95	25.9377	0.0000	0.0000	0.0000;
	7	2	462	0	0	0	7	1	3.7771345	345	7	1.05	0.95	25.9377	0.0000	0.0000	0.0000;
	8	2	844	0	0	0	8	1	4.00432087	345	8	1.05	0.95	25.9377	0.0000	0.0000	0.0000;
];

%% generator data
%	bus	Pg	Qg	Qmax	Qmin	Vg	mBase	status	Pmax	Pmin	Pc1	Pc2	Qc1min	Qc1max	Qc2min	Qc2max	ramp_agc	ramp_10	ramp_30	ramp_q	apf	mu_Pmax	mu_Pmin	mu_Qmax	mu_Qmin
mpc.gen = [
	4	1244	0	0	0	1	100	1	1244	0	0	0	0	0	0	0	2	20	60	0	0	15.4401	0.0000	0.0000	0.0000;
	1	1235	0	0	0	1	100	1	1235	0	0	0	0	0	0	0	2	20	60	0	0	15.3696	0.0000	0.0000	0.0000;
	1	881	0	0	0	1	100	1	881	0	0	0	0	0	0	0	2	20	60	0	0	20.6734	0.0000	0.0000	0.0000;
	6	684.7	0	0	0	1	100	1	684.7	0	0	0	0	0	0	0	2	20	60	0	0	18.6501	0.0000	0.0000	0.0000;
	7	620.2	0	0	0	1	100	1	620.2	0	0	0	0	0	0	0	2	20	60	0	0	14.6648	0.0000	0.0000	0.0000;
	5	612	0	0	0	1	100	1	612	0	0	0	0	0	0	0	2	20	60	0	0	7.5108	0.0000	0.0000	0.0000;
	1	372.2	0	0	0	1	100	1	372.2	0	0	0	0	0	0	0	2	20	60	0	0	4.7146	0.0000	0.0000	0.0000;
	1	372.2	0	0	0	1	100	1	372.2	0	0	0	0	0	0	0	2	20	60	0	0	4.7146	0.0000	0.0000	0.0000;
	5	244	0	0	0	1	100	1	244	0	0	0	0	0	0	0	2	20	60	0	0	7.7792	0.0000	0.0000	0.0000;
	5	243.5	0	0	0	1	100	1	243.5	0	0	0	0	0	0	0	2	20	60	0	0	7.6793	0.0000	0.0000	0.0000;
	2	149.8	0	0	0	1	100	1	149.8	0	0	0	0	0	0	0	2	20	60	0	0	7.5018	0.0000	0.0000	0.0000;
	8	144.4	0	0	0	1	100	1	144.4	0	0	0	0	0	0	0	2	20	60	0	0	7.6031	0.0000	0.0000	0.0000;
	2	82	0	0	0	1	100	1	82	0	0	0	0	0	0	0	2	20	60	0	0	7.5180	0.0000	0.0000	0.0000;
	2	80	0	0	0	1	100	1	80	0	0	0	0	0	0	0	2	20	60	0	0	7.6185	0.0000	0.0000	0.0000;
	4	47.9	0	0	0	1	100	1	47.9	0	0	0	0	0	0	0	2	20	60	0	0	5.7977	0.0000	0.0000	0.0000;
	4	47.5	0	0	0	1	100	1	47.5	0	0	0	0	0	0	0	2	20	60	0	0	5.7991	0.0000	0.0000	0.0000;
	2	3.35071083e-12	0	0	0	1	100	1	600.4	0	0	0	0	0	0	0	2	20	60	0	0	0.0000	134.6123	0.0000	0.0000;
	6	3.54533126e-12	0	0	0	1	100	1	558.7	0	0	0	0	0	0	0	2	20	60	0	0	0.0000	127.2223	0.0000	0.0000;
	6	2.71518254e-12	0	0	0	1	100	1	553	0	0	0	0	0	0	0	2	20	60	0	0	0.0000	166.1223	0.0000	0.0000;
	1	3.36445637e-12	0	0	0	1	100	1	447.9	0	0	0	0	0	0	0	2	20	60	0	0	0.0000	134.0623	0.0000	0.0000;
	5	2.7161635e-12	0	0	0	1	100	1	435	0	0	0	0	0	0	0	2	20	60	0	0	0.0000	166.0623	0.0000	0.0000;
	2	2.1783637e-12	0	0	0	1	100	1	431	0	0	0	0	0	0	0	2	20	60	0	0	0.0000	207.0623	0.0000	0.0000;
	1	2.17395434e-12	0	0	0	1	100	1	407.4	0	0	0	0	0	0	0	2	20	60	0	0	0.0000	207.4823	0.0000	0.0000;
	4	1.57493827e-11	0	0	0	1	100	1	400.2	0	0	0	0	0	0	0	2	20	60	0	0	0.0000	28.6323	0.0000	0.0000;
	1	2.58925085e-12	0	0	0	1	100	1	400	0	0	0	0	0	0	0	2	20	60	0	0	0.0000	174.2023	0.0000	0.0000;
	1	2.71518251e-12	0	0	0	1	100	1	236	0	0	0	0	0	0	0	2	20	60	0	0	0.0000	166.1223	0.0000	0.0000;
	1	3.60195204e-12	0	0	0	1	100	1	168	0	0	0	0	0	0	0	2	20	60	0	0	0.0000	125.2223	0.0000	0.0000;
	1	3.57341744e-12	0	0	0	1	100	1	130.5	0	0	0	0	0	0	0	2	20	60	0	0	0.0000	126.2223	0.0000	0.0000;
	1	2.71518248e-12	0	0	0	1	100	1	117	0	0	0	0	0	0	0	2	20	60	0	0	0.0000	166.1223	0.0000	0.0000;
	2	3.51768347e-12	0	0	0	1	100	1	115.5	0	0	0	0	0	0	0	2	20	60	0	0	0.0000	128.2223	0.0000	0.0000;
	1	1.60693174e-11	0	0	0	1	100	1	81	0	0	0	0	0	0	0	2	20	60	0	0	0.0000	28.0623	0.0000	0.0000;
	2	477.502723	0	0	0	1	100	1	693.8	0	0	0	0	0	0	0	6.66666667	66.6666667	200	0	0	0.0000	0.0000	0.0000	0.0000;
	2	136.595208	0	0	0	1	100	1	685.3	0	0	0	0	0	0	0	6.66666667	66.6666667	200	0	0	0.0000	0.0000	0.0000	0.0000;
	6	1.45176425e-11	0	0	0	1	100	1	675.5	0	0	0	0	0	0	0	6.66666667	66.6666667	200	0	0	0.0000	31.0623	0.0000	0.0000;
	2	7.04026149e-12	0	0	0	1	100	1	554.8	0	0	0	0	0	0	0	6.66666667	66.6666667	200	0	0	0.0000	64.0623	0.0000	0.0000;
	5	2.5214168e-10	0	0	0	1	100	1	515.5	0	0	0	0	0	0	0	6.66666667	66.6666667	200	0	0	0.0000	1.7823	0.0000	0.0000;
	4	480.77329	0	0	0	1	100	1	508	0	0	0	0	0	0	0	6.66666667	66.6666667	200	0	0	0.0000	0.0000	0.0000	0.0000;
	2	490.399978	0	0	0	1	100	1	490.4	0	0	0	0	0	0	0	6.66666667	66.6666667	200	0	0	0.0738	0.0000	0.0000	0.0000;
	1	1.87395867e-11	0	0	0	1	100	1	447.9	0	0	0	0	0	0	0	6.66666667	66.6666667	200	0	0	0.0000	24.0623	0.0000	0.0000;
	5	2.45974178e-10	0	0	0	1	100	1	270.9	0	0	0	0	0	0	0	6.66666667	66.6666667	200	0	0	0.0000	1.7823	0.0000	0.0000;
	5	1.45176723e-11	0	0	0	1	100	1	264.9	0	0	0	0	0	0	0	6.66666667	66.6666667	200	0	0	0.0000	31.0623	0.0000	0.0000;
	5	248.7	0	0	0	1	100	1	248.7	0	0	0	0	0	0	0	6.66666667	66.6666667	200	0	0	3.6978	0.0000	0.0000	0.0000;
	5	247.8	0	0	0	1	100	1	247.8	0	0	0	0	0	0	0	6.66666667	66.6666667	200	0	0	3.6478	0.0000	0.0000	0.0000;
	5	247.8	0	0	0	1	100	1	247.8	0	0	0	0	0	0	0	6.66666667	66.6666667	200	0	0	3.7478	0.0000	0.0000	0.0000;
	2	1.73020061e-11	0	0	0	1	100	1	244.9	0	0	0	0	0	0	0	6.66666667	66.6666667	200	0	0	0.0000	26.0623	0.0000	0.0000;
	6	1.40649853e-11	0	0	0	1	100	1	244.8	0	0	0	0	0	0	0	6.66666667	66.6666667	200	0	0	0.0000	32.0623	0.0000	0.0000;
	5	1.42877542e-11	0	0	0	1	100	1	238.6	0	0	0	0	0	0	0	6.66666667	66.6666667	200	0	0	0.0000	31.5623	0.0000	0.0000;
	8	125.028802	0	0	0	1	100	1	238.3	0	0	0	0	0	0	0	6.66666667	66.6666667	200	0	0	0.0000	0.0000	0.0000	0.0000;
	5	1.47551247e-11	0	0	0	1	100	1	236.4	0	0	0	0	0	0	0	6.66666667	66.6666667	200	0	0	0.0000	30.5623	0.0000	0.0000;
	2	7.04026302e-12	0	0	0	1	100	1	153.5	0	0	0	0	0	0	0	6.66666667	66.6666667	200	0	0	0.0000	64.0623	0.0000	0.0000;
	5	1.475515e-11	0	0	0	1	100	1	149	0	0	0	0	0	0	0	6.66666667	66.6666667	200	0	0	0.0000	30.5623	0.0000	0.0000;
	5	1.46354861e-11	0	0	0	1	100	1	149	0	0	0	0	0	0	0	6.66666667	66.6666667	200	0	0	0.0000	30.8123	0.0000	0.0000;
	5	1.45177316e-11	0	0	0	1	100	1	149	0	0	0	0	0	0	0	6.66666667	66.6666667	200	0	0	0.0000	31.0623	0.0000	0.0000;
	5	1.44018561e-11	0	0	0	1	100	1	149	0	0	0	0	0	0	0	6.66666667	66.6666667	200	0	0	0.0000	31.3123	0.0000	0.0000;
	6	1.44018339e-11	0	0	0	1	100	1	141.1	0	0	0	0	0	0	0	6.66666667	66.6666667	200	0	0	0.0000	31.3123	0.0000	0.0000;
	8	6.53062034e-12	0	0	0	1	100	1	141	0	0	0	0	0	0	0	6.66666667	66.6666667	200	0	0	0.0000	69.0623	0.0000	0.0000;
	6	1.42877782e-11	0	0	0	1	100	1	104.9	0	0	0	0	0	0	0	6.66666667	66.6666667	200	0	0	0.0000	31.5623	0.0000	0.0000;
	8	6.08978469e-12	0	0	0	1	100	1	104	0	0	0	0	0	0	0	6.66666667	66.6666667	200	0	0	0.0000	74.0623	0.0000	0.0000;
	1	1.45039215e-11	0	0	0	1	100	1	43.9	0	0	0	0	0	0	0	6.66666667	66.6666667	200	0	0	0.0000	31.0923	0.0000	0.0000;
	1	1.45039237e-11	0	0	0	1	100	1	43.5	0	0	0	0	0	0	0	6.66666667	66.6666667	200	0	0	0.0000	31.0923	0.0000	0.0000;
	1	1.45039237e-11	0	0	0	1	100	1	43.5	0	0	0	0	0	0	0	6.66666667	66.6666667	200	0	0	0.0000	31.0923	0.0000	0.0000;
	1	1.45039286e-11	0	0	0	1	100	1	42.6	0	0	0	0	0	0	0	6.66666667	66.6666667	200	0	0	0.0000	31.0923	0.0000	0.0000;
