function mpc = case8_isone_9_31
%CASE8_ISONE_9_31  8-zone synthetic grid based on ISO-NE data
%  This case represents hour 9/96 (4 days) and scenario 31/90.
%  Original system was created by Dheepak Krishnamurthy, Wanning Li
%  and Leigh Tesfatsion from Iowa State University.
%  Please cite [1] when publishing results based on this system.
%
%  [1] Krishnamurthy, Dheepak, Wanning Li, and Leigh Tesfatsion.
%  "An 8-zone test system based on ISO New England data: Development
%  and application." IEEE Transactions on Power Systems (2015).
%
%  Line capacities (RATE_A, RATE_B, RATE_C) are added based on line flow computation.
%
%  This Matpower case was created by X. Geng (06/21/2020).
%  Complete details (original data, scripts, revised cases) can be found at:
%  https://github.com/xb00dx/ISO-NE-8Zone-Test-System

%% MATPOWER Case Format : Version 2
mpc.version = '2';

%%-----  Power Flow Data  -----%%
%% system MVA base
mpc.baseMVA = 100;

%% bus data
%	bus_i	type	Pd	Qd	Gs	Bs	area	Vm	Va	baseKV	zone	Vmax	Vmin	lam_P	lam_Q	mu_Vmax	mu_Vmin
mpc.bus = [
	1	2	1448	0	0	0	1	1	14.6931961	345	1	1.05	0.95	95.9317	0.0000	0.0000	0.0000;
	2	2	3047	0	0	0	2	1	2.50669035	345	2	1.05	0.95	95.9317	0.0000	0.0000	0.0000;
	3	2	1839	0	0	0	3	1	-4.1384509	345	3	1.05	0.95	95.9317	0.0000	0.0000	0.0000;
	4	3	2257	0	0	0	4	1	0	345	4	1.05	0.95	95.9317	0.0000	0.0000	0.0000;
	5	2	985	0	0	0	5	1	7.79597244	345	5	1.05	0.95	95.9317	0.0000	0.0000	0.0000;
	6	2	4110	0	0	0	6	1	-4.64279753	345	6	1.05	0.95	95.9317	0.0000	0.0000	0.0000;
	7	2	763	0	0	0	7	1	-0.0134972788	345	7	1.05	0.95	95.9317	0.0000	0.0000	0.0000;
	8	2	1449	0	0	0	8	1	4.87535919	345	8	1.05	0.95	95.9317	0.0000	0.0000	0.0000;
];

%% generator data
%	bus	Pg	Qg	Qmax	Qmin	Vg	mBase	status	Pmax	Pmin	Pc1	Pc2	Qc1min	Qc1max	Qc2min	Qc2max	ramp_agc	ramp_10	ramp_30	ramp_q	apf	mu_Pmax	mu_Pmin	mu_Qmax	mu_Qmin
mpc.gen = [
	4	1244	0	0	0	1	100	1	1244	0	0	0	0	0	0	0	2	20	60	0	0	85.4341	0.0000	0.0000	0.0000;
	1	1235	0	0	0	1	100	1	1235	0	0	0	0	0	0	0	2	20	60	0	0	85.3636	0.0000	0.0000	0.0000;
	1	881	0	0	0	1	100	1	881	0	0	0	0	0	0	0	2	20	60	0	0	90.6674	0.0000	0.0000	0.0000;
	6	684.7	0	0	0	1	100	1	684.7	0	0	0	0	0	0	0	2	20	60	0	0	88.6441	0.0000	0.0000	0.0000;
	7	620.2	0	0	0	1	100	1	620.2	0	0	0	0	0	0	0	2	20	60	0	0	84.6588	0.0000	0.0000	0.0000;
	5	612	0	0	0	1	100	1	612	0	0	0	0	0	0	0	2	20	60	0	0	77.5048	0.0000	0.0000	0.0000;
	1	372.2	0	0	0	1	100	1	372.2	0	0	0	0	0	0	0	2	20	60	0	0	74.7086	0.0000	0.0000	0.0000;
	1	372.2	0	0	0	1	100	1	372.2	0	0	0	0	0	0	0	2	20	60	0	0	74.7086	0.0000	0.0000	0.0000;
	5	244	0	0	0	1	100	1	244	0	0	0	0	0	0	0	2	20	60	0	0	77.7731	0.0000	0.0000	0.0000;
	5	243.5	0	0	0	1	100	1	243.5	0	0	0	0	0	0	0	2	20	60	0	0	77.6733	0.0000	0.0000	0.0000;
	2	149.8	0	0	0	1	100	1	149.8	0	0	0	0	0	0	0	2	20	60	0	0	77.4957	0.0000	0.0000	0.0000;
	8	144.4	0	0	0	1	100	1	144.4	0	0	0	0	0	0	0	2	20	60	0	0	77.5970	0.0000	0.0000	0.0000;
	2	82	0	0	0	1	100	1	82	0	0	0	0	0	0	0	2	20	60	0	0	77.5120	0.0000	0.0000	0.0000;
	2	80	0	0	0	1	100	1	80	0	0	0	0	0	0	0	2	20	60	0	0	77.6125	0.0000	0.0000	0.0000;
	4	47.9	0	0	0	1	100	1	47.9	0	0	0	0	0	0	0	2	20	60	0	0	75.7917	0.0000	0.0000	0.0000;
	4	47.5	0	0	0	1	100	1	47.5	0	0	0	0	0	0	0	2	20	60	0	0	75.7931	0.0000	0.0000	0.0000;
	2	2.81542899e-13	0	0	0	1	100	1	600.4	0	0	0	0	0	0	0	2	20	60	0	0	0.0000	64.6183	0.0000	0.0000;
	6	3.18153678e-13	0	0	0	1	100	1	558.7	0	0	0	0	0	0	0	2	20	60	0	0	0.0000	57.2283	0.0000	0.0000;
	6	1.88787005e-13	0	0	0	1	100	1	553	0	0	0	0	0	0	0	2	20	60	0	0	0.0000	96.1283	0.0000	0.0000;
	1	2.83924448e-13	0	0	0	1	100	1	447.9	0	0	0	0	0	0	0	2	20	60	0	0	0.0000	64.0683	0.0000	0.0000;
	5	1.88792742e-13	0	0	0	1	100	1	435	0	0	0	0	0	0	0	2	20	60	0	0	0.0000	96.0683	0.0000	0.0000;
	2	1.31961169e-13	0	0	0	1	100	1	431	0	0	0	0	0	0	0	2	20	60	0	0	0.0000	137.0683	0.0000	0.0000;
	1	1.31520573e-13	0	0	0	1	100	1	407.4	0	0	0	0	0	0	0	2	20	60	0	0	0.0000	137.4883	0.0000	0.0000;
	4	400.2	0	0	0	1	100	1	400.2	0	0	0	0	0	0	0	2	20	60	0	0	40.2411	0.0000	0.0000	0.0000;
	1	1.73778069e-13	0	0	0	1	100	1	400	0	0	0	0	0	0	0	2	20	60	0	0	0.0000	104.2083	0.0000	0.0000;
	1	1.88512583e-13	0	0	0	1	100	1	236	0	0	0	0	0	0	0	2	20	60	0	0	0.0000	96.1283	0.0000	0.0000;
	1	3.29257251e-13	0	0	0	1	100	1	168	0	0	0	0	0	0	0	2	20	60	0	0	0.0000	55.2283	0.0000	0.0000;
	1	3.23398099e-13	0	0	0	1	100	1	130.5	0	0	0	0	0	0	0	2	20	60	0	0	0.0000	56.2283	0.0000	0.0000;
	1	1.88811808e-13	0	0	0	1	100	1	117	0	0	0	0	0	0	0	2	20	60	0	0	0.0000	96.1283	0.0000	0.0000;
	2	3.12436254e-13	0	0	0	1	100	1	115.5	0	0	0	0	0	0	0	2	20	60	0	0	0.0000	58.2283	0.0000	0.0000;
	1	81	0	0	0	1	100	1	81	0	0	0	0	0	0	0	2	20	60	0	0	41.6077	0.0000	0.0000	0.0000;
	2	693.8	0	0	0	1	100	1	693.8	0	0	0	0	0	0	0	6.66666667	66.6666667	200	0	0	68.7222	0.0000	0.0000	0.0000;
	2	685.3	0	0	0	1	100	1	685.3	0	0	0	0	0	0	0	6.66666667	66.6666667	200	0	0	66.7895	0.0000	0.0000	0.0000;
	6	675.5	0	0	0	1	100	1	675.5	0	0	0	0	0	0	0	6.66666667	66.6666667	200	0	0	34.9868	0.0000	0.0000	0.0000;
	2	554.8	0	0	0	1	100	1	554.8	0	0	0	0	0	0	0	6.66666667	66.6666667	200	0	0	2.6917	0.0000	0.0000	0.0000;
	5	515.5	0	0	0	1	100	1	515.5	0	0	0	0	0	0	0	6.66666667	66.6666667	200	0	0	65.2012	0.0000	0.0000	0.0000;
	4	508	0	0	0	1	100	1	508	0	0	0	0	0	0	0	6.66666667	66.6666667	200	0	0	69.8350	0.0000	0.0000	0.0000;
	2	490.4	0	0	0	1	100	1	490.4	0	0	0	0	0	0	0	6.66666667	66.6666667	200	0	0	70.0678	0.0000	0.0000	0.0000;
	1	447.9	0	0	0	1	100	1	447.9	0	0	0	0	0	0	0	6.66666667	66.6666667	200	0	0	43.3160	0.0000	0.0000	0.0000;
	5	270.9	0	0	0	1	100	1	270.9	0	0	0	0	0	0	0	6.66666667	66.6666667	200	0	0	55.8045	0.0000	0.0000	0.0000;
	5	264.9	0	0	0	1	100	1	264.9	0	0	0	0	0	0	0	6.66666667	66.6666667	200	0	0	37.3423	0.0000	0.0000	0.0000;
	5	248.7	0	0	0	1	100	1	248.7	0	0	0	0	0	0	0	6.66666667	66.6666667	200	0	0	73.6918	0.0000	0.0000	0.0000;
	5	247.8	0	0	0	1	100	1	247.8	0	0	0	0	0	0	0	6.66666667	66.6666667	200	0	0	73.6418	0.0000	0.0000	0.0000;
	5	247.8	0	0	0	1	100	1	247.8	0	0	0	0	0	0	0	6.66666667	66.6666667	200	0	0	73.7418	0.0000	0.0000	0.0000;
	2	244.9	0	0	0	1	100	1	244.9	0	0	0	0	0	0	0	6.66666667	66.6666667	200	0	0	42.4623	0.0000	0.0000	0.0000;
	6	244.8	0	0	0	1	100	1	244.8	0	0	0	0	0	0	0	6.66666667	66.6666667	200	0	0	35.9733	0.0000	0.0000	0.0000;
	5	238.6	0	0	0	1	100	1	238.6	0	0	0	0	0	0	0	6.66666667	66.6666667	200	0	0	36.7615	0.0000	0.0000	0.0000;
	8	238.3	0	0	0	1	100	1	238.3	0	0	0	0	0	0	0	6.66666667	66.6666667	200	0	0	69.1445	0.0000	0.0000	0.0000;
	5	236.4	0	0	0	1	100	1	236.4	0	0	0	0	0	0	0	6.66666667	66.6666667	200	0	0	37.6729	0.0000	0.0000	0.0000;
	2	153.5	0	0	0	1	100	1	153.5	0	0	0	0	0	0	0	6.66666667	66.6666667	200	0	0	4.6730	0.0000	0.0000	0.0000;
	5	149	0	0	0	1	100	1	149	0	0	0	0	0	0	0	6.66666667	66.6666667	200	0	0	37.0477	0.0000	0.0000	0.0000;
	5	149	0	0	0	1	100	1	149	0	0	0	0	0	0	0	6.66666667	66.6666667	200	0	0	35.3077	0.0000	0.0000	0.0000;
	5	149	0	0	0	1	100	1	149	0	0	0	0	0	0	0	6.66666667	66.6666667	200	0	0	33.7167	0.0000	0.0000	0.0000;
	5	149	0	0	0	1	100	1	149	0	0	0	0	0	0	0	6.66666667	66.6666667	200	0	0	32.1257	0.0000	0.0000	0.0000;
	6	141.1	0	0	0	1	100	1	141.1	0	0	0	0	0	0	0	6.66666667	66.6666667	200	0	0	34.4487	0.0000	0.0000	0.0000;
	8	133.1	0	0	0	1	100	1	141	0	0	0	0	0	0	0	6.66666667	66.6666667	200	0	0	0.0000	0.0000	0.0000	0.0000;
	6	104.9	0	0	0	1	100	1	104.9	0	0	0	0	0	0	0	6.66666667	66.6666667	200	0	0	37.3827	0.0000	0.0000	0.0000;
	8	1.00690703e-11	0	0	0	1	100	1	104	0	0	0	0	0	0	0	6.66666667	66.6666667	200	0	0	0.0000	4.0683	0.0000	0.0000;
	1	43.9	0	0	0	1	100	1	43.9	0	0	0	0	0	0	0	6.66666667	66.6666667	200	0	0	37.0289	0.0000	0.0000	0.0000;
	1	43.5	0	0	0	1	100	1	43.5	0	0	0	0	0	0	0	6.66666667	66.6666667	200	0	0	37.0460	0.0000	0.0000	0.0000;
	1	43.5	0	0	0	1	100	1	43.5	0	0	0	0	0	0	0	6.66666667	66.6666667	200	0	0	37.0460	0.0000	0.0000	0.0000;
	1	42.6	0	0	0	1	100	1	42.6	0	0	0	0	0	0	0	6.66666667	66.6666667	200	0	0	37.0844	0.0000	0.0000	0.0000;
	8	6.46574223e-14	0	0	0	1	100	1	275	0	0	0	0	0	0	0	6.66666667	66.6666667	200	0	0	0.0000	279.0683	0.0000	0.0000;
	5	5.9334137e-14	0	0	0	1	100	1	300	0	0	0	0	0	0	0	6.66666667	66.6666667	200	0	0	0.0000	304.0683	0.0000	0.0000;
