function mpc = case8_isone_95_79
%CASE8_ISONE_95_79  8-zone synthetic grid based on ISO-NE data
%  This case represents hour 95/96 (4 days) and scenario 79/90.
%  Original system was created by Dheepak Krishnamurthy, Wanning Li
%  and Leigh Tesfatsion from Iowa State University.
%  Please cite [1] when publishing results based on this system.
%
%  [1] Krishnamurthy, Dheepak, Wanning Li, and Leigh Tesfatsion.
%  "An 8-zone test system based on ISO New England data: Development
%  and application." IEEE Transactions on Power Systems (2015).
%
%  Line capacities (RATE_A, RATE_B, RATE_C) are added based on line flow computation.
%
%  This Matpower case was created by X. Geng (06/21/2020).
%  Complete details (original data, scripts, revised cases) can be found at:
%  https://github.com/xb00dx/ISO-NE-8Zone-Test-System

%% MATPOWER Case Format : Version 2
mpc.version = '2';

%%-----  Power Flow Data  -----%%
%% system MVA base
mpc.baseMVA = 100;

%% bus data
%	bus_i	type	Pd	Qd	Gs	Bs	area	Vm	Va	baseKV	zone	Vmax	Vmin	lam_P	lam_Q	mu_Vmax	mu_Vmin
mpc.bus = [
	1	2	1078	0	0	0	1	1	12.0631206	345	1	1.05	0.95	56.8642	0.0000	0.0000	0.0000;
	2	2	2468	0	0	0	2	1	-1.19748179	345	2	1.05	0.95	56.8642	0.0000	0.0000	0.0000;
	3	2	1479	0	0	0	3	1	-7.89914809	345	3	1.05	0.95	56.8642	0.0000	0.0000	0.0000;
	4	3	1753	0	0	0	4	1	0	345	4	1.05	0.95	56.8642	0.0000	0.0000	0.0000;
	5	2	791	0	0	0	5	1	0.408010146	345	5	1.05	0.95	56.8642	0.0000	0.0000	0.0000;
	6	2	3239	0	0	0	6	1	-11.0630995	345	6	1.05	0.95	56.8642	0.0000	0.0000	0.0000;
	7	2	567	0	0	0	7	1	1.81370607	345	7	1.05	0.95	56.8642	0.0000	0.0000	0.0000;
	8	2	1082	0	0	0	8	1	2.70538389	345	8	1.05	0.95	56.8642	0.0000	0.0000	0.0000;
];

%% generator data
%	bus	Pg	Qg	Qmax	Qmin	Vg	mBase	status	Pmax	Pmin	Pc1	Pc2	Qc1min	Qc1max	Qc2min	Qc2max	ramp_agc	ramp_10	ramp_30	ramp_q	apf	mu_Pmax	mu_Pmin	mu_Qmax	mu_Qmin
mpc.gen = [
	4	1244	0	0	0	1	100	1	1244	0	0	0	0	0	0	0	2	20	60	0	0	46.3666	0.0000	0.0000	0.0000;
	1	1235	0	0	0	1	100	1	1235	0	0	0	0	0	0	0	2	20	60	0	0	46.2961	0.0000	0.0000	0.0000;
	1	881	0	0	0	1	100	1	881	0	0	0	0	0	0	0	2	20	60	0	0	51.5999	0.0000	0.0000	0.0000;
	6	684.7	0	0	0	1	100	1	684.7	0	0	0	0	0	0	0	2	20	60	0	0	49.5766	0.0000	0.0000	0.0000;
	7	620.2	0	0	0	1	100	1	620.2	0	0	0	0	0	0	0	2	20	60	0	0	45.5913	0.0000	0.0000	0.0000;
	5	612	0	0	0	1	100	1	612	0	0	0	0	0	0	0	2	20	60	0	0	38.4373	0.0000	0.0000	0.0000;
	1	372.2	0	0	0	1	100	1	372.2	0	0	0	0	0	0	0	2	20	60	0	0	35.6410	0.0000	0.0000	0.0000;
	1	372.2	0	0	0	1	100	1	372.2	0	0	0	0	0	0	0	2	20	60	0	0	35.6410	0.0000	0.0000	0.0000;
	5	244	0	0	0	1	100	1	244	0	0	0	0	0	0	0	2	20	60	0	0	38.7056	0.0000	0.0000	0.0000;
	5	243.5	0	0	0	1	100	1	243.5	0	0	0	0	0	0	0	2	20	60	0	0	38.6057	0.0000	0.0000	0.0000;
	2	149.8	0	0	0	1	100	1	149.8	0	0	0	0	0	0	0	2	20	60	0	0	38.4282	0.0000	0.0000	0.0000;
	8	144.4	0	0	0	1	100	1	144.4	0	0	0	0	0	0	0	2	20	60	0	0	38.5295	0.0000	0.0000	0.0000;
	2	82	0	0	0	1	100	1	82	0	0	0	0	0	0	0	2	20	60	0	0	38.4445	0.0000	0.0000	0.0000;
	2	80	0	0	0	1	100	1	80	0	0	0	0	0	0	0	2	20	60	0	0	38.5450	0.0000	0.0000	0.0000;
	4	47.9	0	0	0	1	100	1	47.9	0	0	0	0	0	0	0	2	20	60	0	0	36.7242	0.0000	0.0000	0.0000;
	4	47.5	0	0	0	1	100	1	47.5	0	0	0	0	0	0	0	2	20	60	0	0	36.7255	0.0000	0.0000	0.0000;
	2	1.85525962e-13	0	0	0	1	100	1	600.4	0	0	0	0	0	0	0	2	20	60	0	0	0.0000	103.6858	0.0000	0.0000;
	6	2.01662381e-13	0	0	0	1	100	1	558.7	0	0	0	0	0	0	0	2	20	60	0	0	0.0000	96.2958	0.0000	0.0000;
	6	1.42591867e-13	0	0	0	1	100	1	553	0	0	0	0	0	0	0	2	20	60	0	0	0.0000	135.1958	0.0000	0.0000;
	1	1.87225652e-13	0	0	0	1	100	1	447.9	0	0	0	0	0	0	0	2	20	60	0	0	0.0000	103.1358	0.0000	0.0000;
	5	1.42353085e-13	0	0	0	1	100	1	435	0	0	0	0	0	0	0	2	20	60	0	0	0.0000	135.1358	0.0000	0.0000;
	2	1.08292993e-13	0	0	0	1	100	1	431	0	0	0	0	0	0	0	2	20	60	0	0	0.0000	176.1358	0.0000	0.0000;
	1	1.08479671e-13	0	0	0	1	100	1	407.4	0	0	0	0	0	0	0	2	20	60	0	0	0.0000	176.5558	0.0000	0.0000;
	4	400.2	0	0	0	1	100	1	400.2	0	0	0	0	0	0	0	2	20	60	0	0	1.1736	0.0000	0.0000	0.0000;
	1	1.3395769e-13	0	0	0	1	100	1	400	0	0	0	0	0	0	0	2	20	60	0	0	0.0000	143.2758	0.0000	0.0000;
	1	1.41817597e-13	0	0	0	1	100	1	236	0	0	0	0	0	0	0	2	20	60	0	0	0.0000	135.1958	0.0000	0.0000;
	1	2.0612866e-13	0	0	0	1	100	1	168	0	0	0	0	0	0	0	2	20	60	0	0	0.0000	94.2958	0.0000	0.0000;
	1	2.04048733e-13	0	0	0	1	100	1	130.5	0	0	0	0	0	0	0	2	20	60	0	0	0.0000	95.2958	0.0000	0.0000;
	1	1.4299072e-13	0	0	0	1	100	1	117	0	0	0	0	0	0	0	2	20	60	0	0	0.0000	135.1958	0.0000	0.0000;
	2	2.00068992e-13	0	0	0	1	100	1	115.5	0	0	0	0	0	0	0	2	20	60	0	0	0.0000	97.2958	0.0000	0.0000;
	1	81	0	0	0	1	100	1	81	0	0	0	0	0	0	0	2	20	60	0	0	2.5402	0.0000	0.0000	0.0000;
	2	693.8	0	0	0	1	100	1	693.8	0	0	0	0	0	0	0	6.66666667	66.6666667	200	0	0	29.6546	0.0000	0.0000	0.0000;
	2	685.3	0	0	0	1	100	1	685.3	0	0	0	0	0	0	0	6.66666667	66.6666667	200	0	0	27.7220	0.0000	0.0000	0.0000;
	6	7.65011394e-09	0	0	0	1	100	1	675.5	0	0	0	0	0	0	0	6.66666667	66.6666667	200	0	0	0.0000	0.1358	0.0000	0.0000;
	2	6.01930941e-13	0	0	0	1	100	1	554.8	0	0	0	0	0	0	0	6.66666667	66.6666667	200	0	0	0.0000	33.1358	0.0000	0.0000;
	5	515.5	0	0	0	1	100	1	515.5	0	0	0	0	0	0	0	6.66666667	66.6666667	200	0	0	26.1337	0.0000	0.0000	0.0000;
	4	508	0	0	0	1	100	1	508	0	0	0	0	0	0	0	6.66666667	66.6666667	200	0	0	30.7675	0.0000	0.0000	0.0000;
	2	490.4	0	0	0	1	100	1	490.4	0	0	0	0	0	0	0	6.66666667	66.6666667	200	0	0	31.0002	0.0000	0.0000	0.0000;
	1	447.9	0	0	0	1	100	1	447.9	0	0	0	0	0	0	0	6.66666667	66.6666667	200	0	0	4.2484	0.0000	0.0000	0.0000;
	5	270.9	0	0	0	1	100	1	270.9	0	0	0	0	0	0	0	6.66666667	66.6666667	200	0	0	16.7370	0.0000	0.0000	0.0000;
	5	6.13383483e-09	0	0	0	1	100	1	264.9	0	0	0	0	0	0	0	6.66666667	66.6666667	200	0	0	0.0000	0.1358	0.0000	0.0000;
	5	248.7	0	0	0	1	100	1	248.7	0	0	0	0	0	0	0	6.66666667	66.6666667	200	0	0	34.6242	0.0000	0.0000	0.0000;
	5	247.8	0	0	0	1	100	1	247.8	0	0	0	0	0	0	0	6.66666667	66.6666667	200	0	0	34.5743	0.0000	0.0000	0.0000;
	5	247.8	0	0	0	1	100	1	247.8	0	0	0	0	0	0	0	6.66666667	66.6666667	200	0	0	34.6743	0.0000	0.0000	0.0000;
	2	244.9	0	0	0	1	100	1	244.9	0	0	0	0	0	0	0	6.66666667	66.6666667	200	0	0	3.3948	0.0000	0.0000	0.0000;
	6	4.22165271e-11	0	0	0	1	100	1	244.8	0	0	0	0	0	0	0	6.66666667	66.6666667	200	0	0	0.0000	1.1358	0.0000	0.0000;
	5	1.44348091e-10	0	0	0	1	100	1	238.6	0	0	0	0	0	0	0	6.66666667	66.6666667	200	0	0	0.0000	0.6358	0.0000	0.0000;
	8	238.3	0	0	0	1	100	1	238.3	0	0	0	0	0	0	0	6.66666667	66.6666667	200	0	0	30.0769	0.0000	0.0000	0.0000;
	5	48.9479463	0	0	0	1	100	1	236.4	0	0	0	0	0	0	0	6.66666667	66.6666667	200	0	0	0.0000	0.0000	0.0000	0.0000;
	2	5.98926871e-13	0	0	0	1	100	1	153.5	0	0	0	0	0	0	0	6.66666667	66.6666667	200	0	0	0.0000	33.1358	0.0000	0.0000;
	5	22.760795	0	0	0	1	100	1	149	0	0	0	0	0	0	0	6.66666667	66.6666667	200	0	0	0.0000	0.0000	0.0000	0.0000;
	5	4.39125848	0	0	0	1	100	1	149	0	0	0	0	0	0	0	6.66666667	66.6666667	200	0	0	0.0000	0.0000	0.0000	0.0000;
	5	2.18950941e-08	0	0	0	1	100	1	149	0	0	0	0	0	0	0	6.66666667	66.6666667	200	0	0	0.0000	0.1358	0.0000	0.0000;
	5	1.01640436e-09	0	0	0	1	100	1	149	0	0	0	0	0	0	0	6.66666667	66.6666667	200	0	0	0.0000	0.3858	0.0000	0.0000;
	6	7.15214575e-10	0	0	0	1	100	1	141.1	0	0	0	0	0	0	0	6.66666667	66.6666667	200	0	0	0.0000	0.3858	0.0000	0.0000;
	8	5.16673072e-13	0	0	0	1	100	1	141	0	0	0	0	0	0	0	6.66666667	66.6666667	200	0	0	0.0000	38.1358	0.0000	0.0000;
	6	1.29254144e-10	0	0	0	1	100	1	104.9	0	0	0	0	0	0	0	6.66666667	66.6666667	200	0	0	0.0000	0.6358	0.0000	0.0000;
	8	4.53418405e-13	0	0	0	1	100	1	104	0	0	0	0	0	0	0	6.66666667	66.6666667	200	0	0	0.0000	43.1358	0.0000	0.0000;
	1	6.93968569e-09	0	0	0	1	100	1	43.9	0	0	0	0	0	0	0	6.66666667	66.6666667	200	0	0	0.0000	0.1658	0.0000	0.0000;
	1	6.89583599e-09	0	0	0	1	100	1	43.5	0	0	0	0	0	0	0	6.66666667	66.6666667	200	0	0	0.0000	0.1658	0.0000	0.0000;
	1	6.89583599e-09	0	0	0	1	100	1	43.5	0	0	0	0	0	0	0	6.66666667	66.6666667	200	0	0	0.0000	0.1658	0.0000	0.0000;
	1	6.79807236e-09	0	0	0	1	100	1	42.6	0	0	0	0	0	0	0	6.66666667	66.6666667	200	0	0	0.0000	0.1658	0.0000	0.0000;
	8	6.00066333e-14	0	0	0	1	100	1	275	0	0	0	0	0	0	0	6.66666667	66.6666667	200	0	0	0.0000	318.1358	0.0000	0.0000;
