function mpc = case8_isone_48_6
%CASE8_ISONE_48_6  8-zone synthetic grid based on ISO-NE data
%  This case represents hour 48/96 (4 days) and scenario 6/90.
%  Original system was created by Dheepak Krishnamurthy, Wanning Li
%  and Leigh Tesfatsion from Iowa State University.
%  Please cite [1] when publishing results based on this system.
%
%  [1] Krishnamurthy, Dheepak, Wanning Li, and Leigh Tesfatsion.
%  "An 8-zone test system based on ISO New England data: Development
%  and application." IEEE Transactions on Power Systems (2015).
%
%  Line capacities (RATE_A, RATE_B, RATE_C) are added based on line flow computation.
%
%  This Matpower case was created by X. Geng (06/21/2020).
%  Complete details (original data, scripts, revised cases) can be found at:
%  https://github.com/xb00dx/ISO-NE-8Zone-Test-System

%% MATPOWER Case Format : Version 2
mpc.version = '2';

%%-----  Power Flow Data  -----%%
%% system MVA base
mpc.baseMVA = 100;

%% bus data
%	bus_i	type	Pd	Qd	Gs	Bs	area	Vm	Va	baseKV	zone	Vmax	Vmin	lam_P	lam_Q	mu_Vmax	mu_Vmin
mpc.bus = [
	1	2	1085	0	0	0	1	1	12.2993876	345	1	1.05	0.95	55.5592	0.0000	0.0000	0.0000;
	2	2	2408	0	0	0	2	1	0.521391593	345	2	1.05	0.95	55.5592	0.0000	0.0000	0.0000;
	3	2	1444	0	0	0	3	1	-7.47130487	345	3	1.05	0.95	55.5592	0.0000	0.0000	0.0000;
	4	3	1818	0	0	0	4	1	0	345	4	1.05	0.95	55.5592	0.0000	0.0000	0.0000;
	5	2	789	0	0	0	5	1	0.657715572	345	5	1.05	0.95	55.5592	0.0000	0.0000	0.0000;
	6	2	3154	0	0	0	6	1	-10.4808181	345	6	1.05	0.95	55.5592	0.0000	0.0000	0.0000;
	7	2	577	0	0	0	7	1	1.78495401	345	7	1.05	0.95	55.5592	0.0000	0.0000	0.0000;
	8	2	1059	0	0	0	8	1	2.97727841	345	8	1.05	0.95	55.5592	0.0000	0.0000	0.0000;
];

%% generator data
%	bus	Pg	Qg	Qmax	Qmin	Vg	mBase	status	Pmax	Pmin	Pc1	Pc2	Qc1min	Qc1max	Qc2min	Qc2max	ramp_agc	ramp_10	ramp_30	ramp_q	apf	mu_Pmax	mu_Pmin	mu_Qmax	mu_Qmin
mpc.gen = [
	4	1244	0	0	0	1	100	1	1244	0	0	0	0	0	0	0	2	20	60	0	0	45.0616	0.0000	0.0000	0.0000;
	1	1235	0	0	0	1	100	1	1235	0	0	0	0	0	0	0	2	20	60	0	0	44.9911	0.0000	0.0000	0.0000;
	1	881	0	0	0	1	100	1	881	0	0	0	0	0	0	0	2	20	60	0	0	50.2949	0.0000	0.0000	0.0000;
	6	684.7	0	0	0	1	100	1	684.7	0	0	0	0	0	0	0	2	20	60	0	0	48.2717	0.0000	0.0000	0.0000;
	7	620.2	0	0	0	1	100	1	620.2	0	0	0	0	0	0	0	2	20	60	0	0	44.2864	0.0000	0.0000	0.0000;
	5	612	0	0	0	1	100	1	612	0	0	0	0	0	0	0	2	20	60	0	0	37.1324	0.0000	0.0000	0.0000;
	1	372.2	0	0	0	1	100	1	372.2	0	0	0	0	0	0	0	2	20	60	0	0	34.3361	0.0000	0.0000	0.0000;
	1	372.2	0	0	0	1	100	1	372.2	0	0	0	0	0	0	0	2	20	60	0	0	34.3361	0.0000	0.0000	0.0000;
	5	244	0	0	0	1	100	1	244	0	0	0	0	0	0	0	2	20	60	0	0	37.4007	0.0000	0.0000	0.0000;
	5	243.5	0	0	0	1	100	1	243.5	0	0	0	0	0	0	0	2	20	60	0	0	37.3008	0.0000	0.0000	0.0000;
	2	149.8	0	0	0	1	100	1	149.8	0	0	0	0	0	0	0	2	20	60	0	0	37.1233	0.0000	0.0000	0.0000;
	8	144.4	0	0	0	1	100	1	144.4	0	0	0	0	0	0	0	2	20	60	0	0	37.2246	0.0000	0.0000	0.0000;
	2	82	0	0	0	1	100	1	82	0	0	0	0	0	0	0	2	20	60	0	0	37.1396	0.0000	0.0000	0.0000;
	2	80	0	0	0	1	100	1	80	0	0	0	0	0	0	0	2	20	60	0	0	37.2400	0.0000	0.0000	0.0000;
	4	47.9	0	0	0	1	100	1	47.9	0	0	0	0	0	0	0	2	20	60	0	0	35.4193	0.0000	0.0000	0.0000;
	4	47.5	0	0	0	1	100	1	47.5	0	0	0	0	0	0	0	2	20	60	0	0	35.4206	0.0000	0.0000	0.0000;
	2	2.00047112e-11	0	0	0	1	100	1	600.4	0	0	0	0	0	0	0	2	20	60	0	0	0.0000	104.9908	0.0000	0.0000;
	6	2.13050767e-11	0	0	0	1	100	1	558.7	0	0	0	0	0	0	0	2	20	60	0	0	0.0000	97.6008	0.0000	0.0000;
	6	1.53161911e-11	0	0	0	1	100	1	553	0	0	0	0	0	0	0	2	20	60	0	0	0.0000	136.5008	0.0000	0.0000;
	1	1.99841266e-11	0	0	0	1	100	1	447.9	0	0	0	0	0	0	0	2	20	60	0	0	0.0000	104.4408	0.0000	0.0000;
	5	1.53276423e-11	0	0	0	1	100	1	435	0	0	0	0	0	0	0	2	20	60	0	0	0.0000	136.4408	0.0000	0.0000;
	2	1.18678395e-11	0	0	0	1	100	1	431	0	0	0	0	0	0	0	2	20	60	0	0	0.0000	177.4408	0.0000	0.0000;
	1	1.18011493e-11	0	0	0	1	100	1	407.4	0	0	0	0	0	0	0	2	20	60	0	0	0.0000	177.8608	0.0000	0.0000;
	4	353.3	0	0	0	1	100	1	400.2	0	0	0	0	0	0	0	2	20	60	0	0	0.0000	0.0000	0.0000	0.0000;
	1	1.44910019e-11	0	0	0	1	100	1	400	0	0	0	0	0	0	0	2	20	60	0	0	0.0000	144.5808	0.0000	0.0000;
	1	1.53387764e-11	0	0	0	1	100	1	236	0	0	0	0	0	0	0	2	20	60	0	0	0.0000	136.5008	0.0000	0.0000;
	1	2.17758571e-11	0	0	0	1	100	1	168	0	0	0	0	0	0	0	2	20	60	0	0	0.0000	95.6008	0.0000	0.0000;
	1	2.15373131e-11	0	0	0	1	100	1	130.5	0	0	0	0	0	0	0	2	20	60	0	0	0.0000	96.6008	0.0000	0.0000;
	1	1.53179784e-11	0	0	0	1	100	1	117	0	0	0	0	0	0	0	2	20	60	0	0	0.0000	136.5008	0.0000	0.0000;
	2	2.12573922e-11	0	0	0	1	100	1	115.5	0	0	0	0	0	0	0	2	20	60	0	0	0.0000	98.6008	0.0000	0.0000;
	1	81	0	0	0	1	100	1	81	0	0	0	0	0	0	0	2	20	60	0	0	1.2352	0.0000	0.0000	0.0000;
	2	693.8	0	0	0	1	100	1	693.8	0	0	0	0	0	0	0	6.66666667	66.6666667	200	0	0	28.3497	0.0000	0.0000	0.0000;
	2	685.3	0	0	0	1	100	1	685.3	0	0	0	0	0	0	0	6.66666667	66.6666667	200	0	0	26.4171	0.0000	0.0000	0.0000;
	6	5.29419028e-09	0	0	0	1	100	1	675.5	0	0	0	0	0	0	0	6.66666667	66.6666667	200	0	0	0.0000	1.4408	0.0000	0.0000;
	2	6.04388272e-11	0	0	0	1	100	1	554.8	0	0	0	0	0	0	0	6.66666667	66.6666667	200	0	0	0.0000	34.4408	0.0000	0.0000;
	5	515.5	0	0	0	1	100	1	515.5	0	0	0	0	0	0	0	6.66666667	66.6666667	200	0	0	24.8287	0.0000	0.0000	0.0000;
	4	508	0	0	0	1	100	1	508	0	0	0	0	0	0	0	6.66666667	66.6666667	200	0	0	29.4625	0.0000	0.0000	0.0000;
	2	490.4	0	0	0	1	100	1	490.4	0	0	0	0	0	0	0	6.66666667	66.6666667	200	0	0	29.6953	0.0000	0.0000	0.0000;
	1	447.9	0	0	0	1	100	1	447.9	0	0	0	0	0	0	0	6.66666667	66.6666667	200	0	0	2.9435	0.0000	0.0000	0.0000;
	5	270.9	0	0	0	1	100	1	270.9	0	0	0	0	0	0	0	6.66666667	66.6666667	200	0	0	15.4320	0.0000	0.0000	0.0000;
	5	4.26223778e-09	0	0	0	1	100	1	264.9	0	0	0	0	0	0	0	6.66666667	66.6666667	200	0	0	0.0000	1.4408	0.0000	0.0000;
	5	248.7	0	0	0	1	100	1	248.7	0	0	0	0	0	0	0	6.66666667	66.6666667	200	0	0	33.3193	0.0000	0.0000	0.0000;
	5	247.8	0	0	0	1	100	1	247.8	0	0	0	0	0	0	0	6.66666667	66.6666667	200	0	0	33.2693	0.0000	0.0000	0.0000;
	5	247.8	0	0	0	1	100	1	247.8	0	0	0	0	0	0	0	6.66666667	66.6666667	200	0	0	33.3693	0.0000	0.0000	0.0000;
	2	244.9	0	0	0	1	100	1	244.9	0	0	0	0	0	0	0	6.66666667	66.6666667	200	0	0	2.0898	0.0000	0.0000	0.0000;
	6	1.10984906e-09	0	0	0	1	100	1	244.8	0	0	0	0	0	0	0	6.66666667	66.6666667	200	0	0	0.0000	2.4408	0.0000	0.0000;
	5	2.07434223e-09	0	0	0	1	100	1	238.6	0	0	0	0	0	0	0	6.66666667	66.6666667	200	0	0	0.0000	1.9408	0.0000	0.0000;
	8	238.3	0	0	0	1	100	1	238.3	0	0	0	0	0	0	0	6.66666667	66.6666667	200	0	0	28.7720	0.0000	0.0000	0.0000;
	5	2.40335136e-08	0	0	0	1	100	1	236.4	0	0	0	0	0	0	0	6.66666667	66.6666667	200	0	0	0.0000	0.9408	0.0000	0.0000;
	2	6.03141246e-11	0	0	0	1	100	1	153.5	0	0	0	0	0	0	0	6.66666667	66.6666667	200	0	0	0.0000	34.4408	0.0000	0.0000;
	5	3.9723061e-08	0	0	0	1	100	1	149	0	0	0	0	0	0	0	6.66666667	66.6666667	200	0	0	0.0000	0.9408	0.0000	0.0000;
	5	3.02870164e-08	0	0	0	1	100	1	149	0	0	0	0	0	0	0	6.66666667	66.6666667	200	0	0	0.0000	1.1908	0.0000	0.0000;
	5	2.06753341e-08	0	0	0	1	100	1	149	0	0	0	0	0	0	0	6.66666667	66.6666667	200	0	0	0.0000	1.4408	0.0000	0.0000;
	5	1.46354717e-08	0	0	0	1	100	1	149	0	0	0	0	0	0	0	6.66666667	66.6666667	200	0	0	0.0000	1.6908	0.0000	0.0000;
	6	6.83452045e-09	0	0	0	1	100	1	141.1	0	0	0	0	0	0	0	6.66666667	66.6666667	200	0	0	0.0000	1.6908	0.0000	0.0000;
	8	5.18645277e-11	0	0	0	1	100	1	141	0	0	0	0	0	0	0	6.66666667	66.6666667	200	0	0	0.0000	39.4408	0.0000	0.0000;
	6	1.69082459e-09	0	0	0	1	100	1	104.9	0	0	0	0	0	0	0	6.66666667	66.6666667	200	0	0	0.0000	1.9408	0.0000	0.0000;
	8	4.61362503e-11	0	0	0	1	100	1	104	0	0	0	0	0	0	0	6.66666667	66.6666667	200	0	0	0.0000	44.4408	0.0000	0.0000;
	1	1.37368957e-08	0	0	0	1	100	1	43.9	0	0	0	0	0	0	0	6.66666667	66.6666667	200	0	0	0.0000	1.4708	0.0000	0.0000;
	1	1.3676592e-08	0	0	0	1	100	1	43.5	0	0	0	0	0	0	0	6.66666667	66.6666667	200	0	0	0.0000	1.4708	0.0000	0.0000;
	1	1.3676592e-08	0	0	0	1	100	1	43.5	0	0	0	0	0	0	0	6.66666667	66.6666667	200	0	0	0.0000	1.4708	0.0000	0.0000;
	1	1.35431109e-08	0	0	0	1	100	1	42.6	0	0	0	0	0	0	0	6.66666667	66.6666667	200	0	0	0.0000	1.4708	0.0000	0.0000;
	8	6.59354879e-12	0	0	0	1	100	1	275	0	0	0	0	0	0	0	6.66666667	66.6666667	200	0	0	0.0000	319.4408	0.0000	0.0000;
