function mpc = case8_isone_3_16
%CASE8_ISONE_3_16  8-zone synthetic grid based on ISO-NE data
%  This case represents hour 3/96 (4 days) and scenario 16/90.
%  Original system was created by Dheepak Krishnamurthy, Wanning Li
%  and Leigh Tesfatsion from Iowa State University.
%  Please cite [1] when publishing results based on this system.
%
%  [1] Krishnamurthy, Dheepak, Wanning Li, and Leigh Tesfatsion.
%  "An 8-zone test system based on ISO New England data: Development
%  and application." IEEE Transactions on Power Systems (2015).
%
%  Line capacities (RATE_A, RATE_B, RATE_C) are added based on line flow computation.
%
%  This Matpower case was created by X. Geng (06/21/2020).
%  Complete details (original data, scripts, revised cases) can be found at:
%  https://github.com/xb00dx/ISO-NE-8Zone-Test-System

%% MATPOWER Case Format : Version 2
mpc.version = '2';

%%-----  Power Flow Data  -----%%
%% system MVA base
mpc.baseMVA = 100;

%% bus data
%	bus_i	type	Pd	Qd	Gs	Bs	area	Vm	Va	baseKV	zone	Vmax	Vmin	lam_P	lam_Q	mu_Vmax	mu_Vmin
mpc.bus = [
	1	2	966	0	0	0	1	1	9.6680709	345	1	1.05	0.95	28.8565	0.0000	0.0000	0.0000;
	2	2	2059	0	0	0	2	1	2.10228047	345	2	1.05	0.95	28.8565	0.0000	0.0000	0.0000;
	3	2	1206	0	0	0	3	1	-6.72145156	345	3	1.05	0.95	28.8565	0.0000	0.0000	0.0000;
	4	3	1560	0	0	0	4	1	0	345	4	1.05	0.95	28.8565	0.0000	0.0000	0.0000;
	5	2	667	0	0	0	5	1	-0.341932418	345	5	1.05	0.95	28.8565	0.0000	0.0000	0.0000;
	6	2	2705	0	0	0	6	1	-9.31942516	345	6	1.05	0.95	28.8565	0.0000	0.0000	0.0000;
	7	2	515	0	0	0	7	1	2.30685432	345	7	1.05	0.95	28.8565	0.0000	0.0000	0.0000;
	8	2	913	0	0	0	8	1	2.1506262	345	8	1.05	0.95	28.8565	0.0000	0.0000	0.0000;
];

%% generator data
%	bus	Pg	Qg	Qmax	Qmin	Vg	mBase	status	Pmax	Pmin	Pc1	Pc2	Qc1min	Qc1max	Qc2min	Qc2max	ramp_agc	ramp_10	ramp_30	ramp_q	apf	mu_Pmax	mu_Pmin	mu_Qmax	mu_Qmin
mpc.gen = [
	4	1244	0	0	0	1	100	1	1244	0	0	0	0	0	0	0	2	20	60	0	0	18.3589	0.0000	0.0000	0.0000;
	1	1235	0	0	0	1	100	1	1235	0	0	0	0	0	0	0	2	20	60	0	0	18.2884	0.0000	0.0000	0.0000;
	1	881	0	0	0	1	100	1	881	0	0	0	0	0	0	0	2	20	60	0	0	23.5922	0.0000	0.0000	0.0000;
	6	684.7	0	0	0	1	100	1	684.7	0	0	0	0	0	0	0	2	20	60	0	0	21.5689	0.0000	0.0000	0.0000;
	7	620.2	0	0	0	1	100	1	620.2	0	0	0	0	0	0	0	2	20	60	0	0	17.5836	0.0000	0.0000	0.0000;
	5	612	0	0	0	1	100	1	612	0	0	0	0	0	0	0	2	20	60	0	0	10.4296	0.0000	0.0000	0.0000;
	1	372.2	0	0	0	1	100	1	372.2	0	0	0	0	0	0	0	2	20	60	0	0	7.6333	0.0000	0.0000	0.0000;
	1	372.2	0	0	0	1	100	1	372.2	0	0	0	0	0	0	0	2	20	60	0	0	7.6333	0.0000	0.0000	0.0000;
	5	244	0	0	0	1	100	1	244	0	0	0	0	0	0	0	2	20	60	0	0	10.6979	0.0000	0.0000	0.0000;
	5	243.5	0	0	0	1	100	1	243.5	0	0	0	0	0	0	0	2	20	60	0	0	10.5980	0.0000	0.0000	0.0000;
	2	149.8	0	0	0	1	100	1	149.8	0	0	0	0	0	0	0	2	20	60	0	0	10.4205	0.0000	0.0000	0.0000;
	8	144.4	0	0	0	1	100	1	144.4	0	0	0	0	0	0	0	2	20	60	0	0	10.5218	0.0000	0.0000	0.0000;
	2	82	0	0	0	1	100	1	82	0	0	0	0	0	0	0	2	20	60	0	0	10.4368	0.0000	0.0000	0.0000;
	2	80	0	0	0	1	100	1	80	0	0	0	0	0	0	0	2	20	60	0	0	10.5373	0.0000	0.0000	0.0000;
	4	47.9	0	0	0	1	100	1	47.9	0	0	0	0	0	0	0	2	20	60	0	0	8.7165	0.0000	0.0000	0.0000;
	4	47.5	0	0	0	1	100	1	47.5	0	0	0	0	0	0	0	2	20	60	0	0	8.7178	0.0000	0.0000	0.0000;
	2	4.49143984e-12	0	0	0	1	100	1	600.4	0	0	0	0	0	0	0	2	20	60	0	0	0.0000	131.6935	0.0000	0.0000;
	6	4.7352633e-12	0	0	0	1	100	1	558.7	0	0	0	0	0	0	0	2	20	60	0	0	0.0000	124.3035	0.0000	0.0000;
	6	3.63063155e-12	0	0	0	1	100	1	553	0	0	0	0	0	0	0	2	20	60	0	0	0.0000	163.2035	0.0000	0.0000;
	1	4.50523109e-12	0	0	0	1	100	1	447.9	0	0	0	0	0	0	0	2	20	60	0	0	0.0000	131.1435	0.0000	0.0000;
	5	3.63550056e-12	0	0	0	1	100	1	435	0	0	0	0	0	0	0	2	20	60	0	0	0.0000	163.1435	0.0000	0.0000;
	2	2.92433016e-12	0	0	0	1	100	1	431	0	0	0	0	0	0	0	2	20	60	0	0	0.0000	204.1435	0.0000	0.0000;
	1	2.91737715e-12	0	0	0	1	100	1	407.4	0	0	0	0	0	0	0	2	20	60	0	0	0.0000	204.5635	0.0000	0.0000;
	4	2.13676519e-11	0	0	0	1	100	1	400.2	0	0	0	0	0	0	0	2	20	60	0	0	0.0000	25.7135	0.0000	0.0000;
	1	3.46974541e-12	0	0	0	1	100	1	400	0	0	0	0	0	0	0	2	20	60	0	0	0.0000	171.2835	0.0000	0.0000;
	1	3.64232081e-12	0	0	0	1	100	1	236	0	0	0	0	0	0	0	2	20	60	0	0	0.0000	163.2035	0.0000	0.0000;
	1	4.83390857e-12	0	0	0	1	100	1	168	0	0	0	0	0	0	0	2	20	60	0	0	0.0000	122.3035	0.0000	0.0000;
	1	4.7942897e-12	0	0	0	1	100	1	130.5	0	0	0	0	0	0	0	2	20	60	0	0	0.0000	123.3035	0.0000	0.0000;
	1	3.64070006e-12	0	0	0	1	100	1	117	0	0	0	0	0	0	0	2	20	60	0	0	0.0000	163.2035	0.0000	0.0000;
	2	4.72847484e-12	0	0	0	1	100	1	115.5	0	0	0	0	0	0	0	2	20	60	0	0	0.0000	125.3035	0.0000	0.0000;
	1	2.23570613e-11	0	0	0	1	100	1	81	0	0	0	0	0	0	0	2	20	60	0	0	0.0000	25.1435	0.0000	0.0000;
	2	693.8	0	0	0	1	100	1	693.8	0	0	0	0	0	0	0	6.66666667	66.6666667	200	0	0	1.6469	0.0000	0.0000	0.0000;
	2	636.383432	0	0	0	1	100	1	685.3	0	0	0	0	0	0	0	6.66666667	66.6666667	200	0	0	0.0000	0.0000	0.0000	0.0000;
	6	1.96513444e-11	0	0	0	1	100	1	675.5	0	0	0	0	0	0	0	6.66666667	66.6666667	200	0	0	0.0000	28.1435	0.0000	0.0000;
	2	9.52698062e-12	0	0	0	1	100	1	554.8	0	0	0	0	0	0	0	6.66666667	66.6666667	200	0	0	0.0000	61.1435	0.0000	0.0000;
	5	194.602611	0	0	0	1	100	1	515.5	0	0	0	0	0	0	0	6.66666667	66.6666667	200	0	0	0.0000	0.0000	0.0000	0.0000;
	4	508	0	0	0	1	100	1	508	0	0	0	0	0	0	0	6.66666667	66.6666667	200	0	0	2.7598	0.0000	0.0000	0.0000;
	2	490.4	0	0	0	1	100	1	490.4	0	0	0	0	0	0	0	6.66666667	66.6666667	200	0	0	2.9925	0.0000	0.0000	0.0000;
	1	2.61571861e-11	0	0	0	1	100	1	447.9	0	0	0	0	0	0	0	6.66666667	66.6666667	200	0	0	0.0000	21.1435	0.0000	0.0000;
	5	24.8139574	0	0	0	1	100	1	270.9	0	0	0	0	0	0	0	6.66666667	66.6666667	200	0	0	0.0000	0.0000	0.0000	0.0000;
	5	1.98494937e-11	0	0	0	1	100	1	264.9	0	0	0	0	0	0	0	6.66666667	66.6666667	200	0	0	0.0000	28.1435	0.0000	0.0000;
	5	248.7	0	0	0	1	100	1	248.7	0	0	0	0	0	0	0	6.66666667	66.6666667	200	0	0	6.6165	0.0000	0.0000	0.0000;
	5	247.8	0	0	0	1	100	1	247.8	0	0	0	0	0	0	0	6.66666667	66.6666667	200	0	0	6.5666	0.0000	0.0000	0.0000;
	5	247.8	0	0	0	1	100	1	247.8	0	0	0	0	0	0	0	6.66666667	66.6666667	200	0	0	6.6666	0.0000	0.0000	0.0000;
	2	2.26637596e-11	0	0	0	1	100	1	244.9	0	0	0	0	0	0	0	6.66666667	66.6666667	200	0	0	0.0000	23.1435	0.0000	0.0000;
	6	1.90547183e-11	0	0	0	1	100	1	244.8	0	0	0	0	0	0	0	6.66666667	66.6666667	200	0	0	0.0000	29.1435	0.0000	0.0000;
	5	1.9446566e-11	0	0	0	1	100	1	238.6	0	0	0	0	0	0	0	6.66666667	66.6666667	200	0	0	0.0000	28.6435	0.0000	0.0000;
	8	238.3	0	0	0	1	100	1	238.3	0	0	0	0	0	0	0	6.66666667	66.6666667	200	0	0	2.0692	0.0000	0.0000	0.0000;
	5	2.01129243e-11	0	0	0	1	100	1	236.4	0	0	0	0	0	0	0	6.66666667	66.6666667	200	0	0	0.0000	27.6435	0.0000	0.0000;
	2	9.49154755e-12	0	0	0	1	100	1	153.5	0	0	0	0	0	0	0	6.66666667	66.6666667	200	0	0	0.0000	61.1435	0.0000	0.0000;
	5	2.0242234e-11	0	0	0	1	100	1	149	0	0	0	0	0	0	0	6.66666667	66.6666667	200	0	0	0.0000	27.6435	0.0000	0.0000;
	5	2.0096024e-11	0	0	0	1	100	1	149	0	0	0	0	0	0	0	6.66666667	66.6666667	200	0	0	0.0000	27.8935	0.0000	0.0000;
	5	1.99630862e-11	0	0	0	1	100	1	149	0	0	0	0	0	0	0	6.66666667	66.6666667	200	0	0	0.0000	28.1435	0.0000	0.0000;
	5	1.98130716e-11	0	0	0	1	100	1	149	0	0	0	0	0	0	0	6.66666667	66.6666667	200	0	0	0.0000	28.3935	0.0000	0.0000;
	6	1.97376113e-11	0	0	0	1	100	1	141.1	0	0	0	0	0	0	0	6.66666667	66.6666667	200	0	0	0.0000	28.3935	0.0000	0.0000;
	8	8.81708553e-12	0	0	0	1	100	1	141	0	0	0	0	0	0	0	6.66666667	66.6666667	200	0	0	0.0000	66.1435	0.0000	0.0000;
	6	1.9444924e-11	0	0	0	1	100	1	104.9	0	0	0	0	0	0	0	6.66666667	66.6666667	200	0	0	0.0000	28.6435	0.0000	0.0000;
	8	8.21494148e-12	0	0	0	1	100	1	104	0	0	0	0	0	0	0	6.66666667	66.6666667	200	0	0	0.0000	71.1435	0.0000	0.0000;
	1	1.92953372e-11	0	0	0	1	100	1	43.9	0	0	0	0	0	0	0	6.66666667	66.6666667	200	0	0	0.0000	28.1735	0.0000	0.0000;
	1	1.92309212e-11	0	0	0	1	100	1	43.5	0	0	0	0	0	0	0	6.66666667	66.6666667	200	0	0	0.0000	28.1735	0.0000	0.0000;
	1	1.92309212e-11	0	0	0	1	100	1	43.5	0	0	0	0	0	0	0	6.66666667	66.6666667	200	0	0	0.0000	28.1735	0.0000	0.0000;
	1	1.90839951e-11	0	0	0	1	100	1	42.6	0	0	0	0	0	0	0	6.66666667	66.6666667	200	0	0	0.0000	28.1735	0.0000	0.0000;
