function mpc = case8_isone_30_64
%CASE8_ISONE_30_64  8-zone synthetic grid based on ISO-NE data
%  This case represents hour 30/96 (4 days) and scenario 64/90.
%  Original system was created by Dheepak Krishnamurthy, Wanning Li
%  and Leigh Tesfatsion from Iowa State University.
%  Please cite [1] when publishing results based on this system.
%
%  [1] Krishnamurthy, Dheepak, Wanning Li, and Leigh Tesfatsion.
%  "An 8-zone test system based on ISO New England data: Development
%  and application." IEEE Transactions on Power Systems (2015).
%
%  Line capacities (RATE_A, RATE_B, RATE_C) are added based on line flow computation.
%
%  This Matpower case was created by X. Geng (06/21/2020).
%  Complete details (original data, scripts, revised cases) can be found at:
%  https://github.com/xb00dx/ISO-NE-8Zone-Test-System

%% MATPOWER Case Format : Version 2
mpc.version = '2';

%%-----  Power Flow Data  -----%%
%% system MVA base
mpc.baseMVA = 100;

%% bus data
%	bus_i	type	Pd	Qd	Gs	Bs	area	Vm	Va	baseKV	zone	Vmax	Vmin	lam_P	lam_Q	mu_Vmax	mu_Vmin
mpc.bus = [
	1	2	1119	0	0	0	1	1	12.1415926	345	1	1.05	0.95	55.5088	0.0000	0.0000	0.0000;
	2	2	2396	0	0	0	2	1	0.865166271	345	2	1.05	0.95	55.5088	0.0000	0.0000	0.0000;
	3	2	1404	0	0	0	3	1	-7.11012812	345	3	1.05	0.95	55.5088	0.0000	0.0000	0.0000;
	4	3	1821	0	0	0	4	1	0	345	4	1.05	0.95	55.5088	0.0000	0.0000	0.0000;
	5	2	746	0	0	0	5	1	1.02818728	345	5	1.05	0.95	55.5088	0.0000	0.0000	0.0000;
	6	2	3116	0	0	0	6	1	-10.0061319	345	6	1.05	0.95	55.5088	0.0000	0.0000	0.0000;
	7	2	597	0	0	0	7	1	1.45430296	345	7	1.05	0.95	55.5088	0.0000	0.0000	0.0000;
	8	2	1117	0	0	0	8	1	2.83820016	345	8	1.05	0.95	55.5088	0.0000	0.0000	0.0000;
];

%% generator data
%	bus	Pg	Qg	Qmax	Qmin	Vg	mBase	status	Pmax	Pmin	Pc1	Pc2	Qc1min	Qc1max	Qc2min	Qc2max	ramp_agc	ramp_10	ramp_30	ramp_q	apf	mu_Pmax	mu_Pmin	mu_Qmax	mu_Qmin
mpc.gen = [
	4	1244	0	0	0	1	100	1	1244	0	0	0	0	0	0	0	2	20	60	0	0	45.0112	0.0000	0.0000	0.0000;
	1	1235	0	0	0	1	100	1	1235	0	0	0	0	0	0	0	2	20	60	0	0	44.9407	0.0000	0.0000	0.0000;
	1	881	0	0	0	1	100	1	881	0	0	0	0	0	0	0	2	20	60	0	0	50.2445	0.0000	0.0000	0.0000;
	6	684.7	0	0	0	1	100	1	684.7	0	0	0	0	0	0	0	2	20	60	0	0	48.2213	0.0000	0.0000	0.0000;
	7	620.2	0	0	0	1	100	1	620.2	0	0	0	0	0	0	0	2	20	60	0	0	44.2360	0.0000	0.0000	0.0000;
	5	612	0	0	0	1	100	1	612	0	0	0	0	0	0	0	2	20	60	0	0	37.0820	0.0000	0.0000	0.0000;
	1	372.2	0	0	0	1	100	1	372.2	0	0	0	0	0	0	0	2	20	60	0	0	34.2857	0.0000	0.0000	0.0000;
	1	372.2	0	0	0	1	100	1	372.2	0	0	0	0	0	0	0	2	20	60	0	0	34.2857	0.0000	0.0000	0.0000;
	5	244	0	0	0	1	100	1	244	0	0	0	0	0	0	0	2	20	60	0	0	37.3503	0.0000	0.0000	0.0000;
	5	243.5	0	0	0	1	100	1	243.5	0	0	0	0	0	0	0	2	20	60	0	0	37.2504	0.0000	0.0000	0.0000;
	2	149.8	0	0	0	1	100	1	149.8	0	0	0	0	0	0	0	2	20	60	0	0	37.0729	0.0000	0.0000	0.0000;
	8	144.4	0	0	0	1	100	1	144.4	0	0	0	0	0	0	0	2	20	60	0	0	37.1742	0.0000	0.0000	0.0000;
	2	82	0	0	0	1	100	1	82	0	0	0	0	0	0	0	2	20	60	0	0	37.0892	0.0000	0.0000	0.0000;
	2	80	0	0	0	1	100	1	80	0	0	0	0	0	0	0	2	20	60	0	0	37.1896	0.0000	0.0000	0.0000;
	4	47.9	0	0	0	1	100	1	47.9	0	0	0	0	0	0	0	2	20	60	0	0	35.3689	0.0000	0.0000	0.0000;
	4	47.5	0	0	0	1	100	1	47.5	0	0	0	0	0	0	0	2	20	60	0	0	35.3702	0.0000	0.0000	0.0000;
	2	2.29886981e-11	0	0	0	1	100	1	600.4	0	0	0	0	0	0	0	2	20	60	0	0	0.0000	105.0412	0.0000	0.0000;
	6	2.45292613e-11	0	0	0	1	100	1	558.7	0	0	0	0	0	0	0	2	20	60	0	0	0.0000	97.6512	0.0000	0.0000;
	6	1.76385391e-11	0	0	0	1	100	1	553	0	0	0	0	0	0	0	2	20	60	0	0	0.0000	136.5512	0.0000	0.0000;
	1	2.2992371e-11	0	0	0	1	100	1	447.9	0	0	0	0	0	0	0	2	20	60	0	0	0.0000	104.4912	0.0000	0.0000;
	5	1.76517144e-11	0	0	0	1	100	1	435	0	0	0	0	0	0	0	2	20	60	0	0	0.0000	136.4912	0.0000	0.0000;
	2	1.36488746e-11	0	0	0	1	100	1	431	0	0	0	0	0	0	0	2	20	60	0	0	0.0000	177.4912	0.0000	0.0000;
	1	1.35829401e-11	0	0	0	1	100	1	407.4	0	0	0	0	0	0	0	2	20	60	0	0	0.0000	177.9112	0.0000	0.0000;
	4	335.3	0	0	0	1	100	1	400.2	0	0	0	0	0	0	0	2	20	60	0	0	0.0000	0.0000	0.0000	0.0000;
	1	1.66789833e-11	0	0	0	1	100	1	400	0	0	0	0	0	0	0	2	20	60	0	0	0.0000	144.6312	0.0000	0.0000;
	1	1.76595659e-11	0	0	0	1	100	1	236	0	0	0	0	0	0	0	2	20	60	0	0	0.0000	136.5512	0.0000	0.0000;
	1	2.50267045e-11	0	0	0	1	100	1	168	0	0	0	0	0	0	0	2	20	60	0	0	0.0000	95.6512	0.0000	0.0000;
	1	2.47411489e-11	0	0	0	1	100	1	130.5	0	0	0	0	0	0	0	2	20	60	0	0	0.0000	96.6512	0.0000	0.0000;
	1	1.76135516e-11	0	0	0	1	100	1	117	0	0	0	0	0	0	0	2	20	60	0	0	0.0000	136.5512	0.0000	0.0000;
	2	2.43589031e-11	0	0	0	1	100	1	115.5	0	0	0	0	0	0	0	2	20	60	0	0	0.0000	98.6512	0.0000	0.0000;
	1	81	0	0	0	1	100	1	81	0	0	0	0	0	0	0	2	20	60	0	0	1.1848	0.0000	0.0000	0.0000;
	2	693.8	0	0	0	1	100	1	693.8	0	0	0	0	0	0	0	6.66666667	66.6666667	200	0	0	28.2993	0.0000	0.0000	0.0000;
	2	685.3	0	0	0	1	100	1	685.3	0	0	0	0	0	0	0	6.66666667	66.6666667	200	0	0	26.3667	0.0000	0.0000	0.0000;
	6	7.29722331e-09	0	0	0	1	100	1	675.5	0	0	0	0	0	0	0	6.66666667	66.6666667	200	0	0	0.0000	1.4912	0.0000	0.0000;
	2	6.89798554e-11	0	0	0	1	100	1	554.8	0	0	0	0	0	0	0	6.66666667	66.6666667	200	0	0	0.0000	34.4912	0.0000	0.0000;
	5	515.5	0	0	0	1	100	1	515.5	0	0	0	0	0	0	0	6.66666667	66.6666667	200	0	0	24.7783	0.0000	0.0000	0.0000;
	4	508	0	0	0	1	100	1	508	0	0	0	0	0	0	0	6.66666667	66.6666667	200	0	0	29.4121	0.0000	0.0000	0.0000;
	2	490.4	0	0	0	1	100	1	490.4	0	0	0	0	0	0	0	6.66666667	66.6666667	200	0	0	29.6449	0.0000	0.0000	0.0000;
	1	447.9	0	0	0	1	100	1	447.9	0	0	0	0	0	0	0	6.66666667	66.6666667	200	0	0	2.8931	0.0000	0.0000	0.0000;
	5	270.9	0	0	0	1	100	1	270.9	0	0	0	0	0	0	0	6.66666667	66.6666667	200	0	0	15.3816	0.0000	0.0000	0.0000;
	5	5.66591289e-09	0	0	0	1	100	1	264.9	0	0	0	0	0	0	0	6.66666667	66.6666667	200	0	0	0.0000	1.4912	0.0000	0.0000;
	5	248.7	0	0	0	1	100	1	248.7	0	0	0	0	0	0	0	6.66666667	66.6666667	200	0	0	33.2689	0.0000	0.0000	0.0000;
	5	247.8	0	0	0	1	100	1	247.8	0	0	0	0	0	0	0	6.66666667	66.6666667	200	0	0	33.2189	0.0000	0.0000	0.0000;
	5	247.8	0	0	0	1	100	1	247.8	0	0	0	0	0	0	0	6.66666667	66.6666667	200	0	0	33.3189	0.0000	0.0000	0.0000;
	2	244.9	0	0	0	1	100	1	244.9	0	0	0	0	0	0	0	6.66666667	66.6666667	200	0	0	2.0394	0.0000	0.0000	0.0000;
	6	1.49057897e-09	0	0	0	1	100	1	244.8	0	0	0	0	0	0	0	6.66666667	66.6666667	200	0	0	0.0000	2.4912	0.0000	0.0000;
	5	2.76762277e-09	0	0	0	1	100	1	238.6	0	0	0	0	0	0	0	6.66666667	66.6666667	200	0	0	0.0000	1.9912	0.0000	0.0000;
	8	238.3	0	0	0	1	100	1	238.3	0	0	0	0	0	0	0	6.66666667	66.6666667	200	0	0	28.7216	0.0000	0.0000	0.0000;
	5	2.59603487e-08	0	0	0	1	100	1	236.4	0	0	0	0	0	0	0	6.66666667	66.6666667	200	0	0	0.0000	0.9912	0.0000	0.0000;
	2	6.86103388e-11	0	0	0	1	100	1	153.5	0	0	0	0	0	0	0	6.66666667	66.6666667	200	0	0	0.0000	34.4912	0.0000	0.0000;
	5	3.86260883e-08	0	0	0	1	100	1	149	0	0	0	0	0	0	0	6.66666667	66.6666667	200	0	0	0.0000	0.9912	0.0000	0.0000;
	5	2.94632653e-08	0	0	0	1	100	1	149	0	0	0	0	0	0	0	6.66666667	66.6666667	200	0	0	0.0000	1.2412	0.0000	0.0000;
	5	2.04907784e-08	0	0	0	1	100	1	149	0	0	0	0	0	0	0	6.66666667	66.6666667	200	0	0	0.0000	1.4912	0.0000	0.0000;
	5	1.47675357e-08	0	0	0	1	100	1	149	0	0	0	0	0	0	0	6.66666667	66.6666667	200	0	0	0.0000	1.7412	0.0000	0.0000;
	6	7.77035672e-09	0	0	0	1	100	1	141.1	0	0	0	0	0	0	0	6.66666667	66.6666667	200	0	0	0.0000	1.7412	0.0000	0.0000;
	8	5.94482258e-11	0	0	0	1	100	1	141	0	0	0	0	0	0	0	6.66666667	66.6666667	200	0	0	0.0000	39.4912	0.0000	0.0000;
	6	2.35047766e-09	0	0	0	1	100	1	104.9	0	0	0	0	0	0	0	6.66666667	66.6666667	200	0	0	0.0000	1.9912	0.0000	0.0000;
	8	5.29454462e-11	0	0	0	1	100	1	104	0	0	0	0	0	0	0	6.66666667	66.6666667	200	0	0	0.0000	44.4912	0.0000	0.0000;
	1	1.38307115e-08	0	0	0	1	100	1	43.9	0	0	0	0	0	0	0	6.66666667	66.6666667	200	0	0	0.0000	1.5212	0.0000	0.0000;
	1	1.37809299e-08	0	0	0	1	100	1	43.5	0	0	0	0	0	0	0	6.66666667	66.6666667	200	0	0	0.0000	1.5212	0.0000	0.0000;
	1	1.37809299e-08	0	0	0	1	100	1	43.5	0	0	0	0	0	0	0	6.66666667	66.6666667	200	0	0	0.0000	1.5212	0.0000	0.0000;
	1	1.36708877e-08	0	0	0	1	100	1	42.6	0	0	0	0	0	0	0	6.66666667	66.6666667	200	0	0	0.0000	1.5212	0.0000	0.0000;
