function mpc = case8_isone_24_87
%CASE8_ISONE_24_87  8-zone synthetic grid based on ISO-NE data
%  This case represents hour 24/96 (4 days) and scenario 87/90.
%  Original system was created by Dheepak Krishnamurthy, Wanning Li
%  and Leigh Tesfatsion from Iowa State University.
%  Please cite [1] when publishing results based on this system.
%
%  [1] Krishnamurthy, Dheepak, Wanning Li, and Leigh Tesfatsion.
%  "An 8-zone test system based on ISO New England data: Development
%  and application." IEEE Transactions on Power Systems (2015).
%
%  Line capacities (RATE_A, RATE_B, RATE_C) are added based on line flow computation.
%
%  This Matpower case was created by X. Geng (06/21/2020).
%  Complete details (original data, scripts, revised cases) can be found at:
%  https://github.com/xb00dx/ISO-NE-8Zone-Test-System

%% MATPOWER Case Format : Version 2
mpc.version = '2';

%%-----  Power Flow Data  -----%%
%% system MVA base
mpc.baseMVA = 100;

%% bus data
%	bus_i	type	Pd	Qd	Gs	Bs	area	Vm	Va	baseKV	zone	Vmax	Vmin	lam_P	lam_Q	mu_Vmax	mu_Vmin
mpc.bus = [
	1	2	1030	0	0	0	1	1	13.4562138	345	1	1.05	0.95	52.0492	0.0000	0.0000	0.0000;
	2	2	2284	0	0	0	2	1	-2.70709005	345	2	1.05	0.95	52.0492	0.0000	0.0000	0.0000;
	3	2	1329	0	0	0	3	1	-5.19054934	345	3	1.05	0.95	52.0492	0.0000	0.0000	0.0000;
	4	3	1669	0	0	0	4	1	0	345	4	1.05	0.95	52.0492	0.0000	0.0000	0.0000;
	5	2	732	0	0	0	5	1	3.10100328	345	5	1.05	0.95	52.0492	0.0000	0.0000	0.0000;
	6	2	2944	0	0	0	6	1	-7.51719076	345	6	1.05	0.95	52.0492	0.0000	0.0000	0.0000;
	7	2	561	0	0	0	7	1	2.57807815	345	7	1.05	0.95	52.0492	0.0000	0.0000	0.0000;
	8	2	1017	0	0	0	8	1	4.4100493	345	8	1.05	0.95	52.0492	0.0000	0.0000	0.0000;
];

%% generator data
%	bus	Pg	Qg	Qmax	Qmin	Vg	mBase	status	Pmax	Pmin	Pc1	Pc2	Qc1min	Qc1max	Qc2min	Qc2max	ramp_agc	ramp_10	ramp_30	ramp_q	apf	mu_Pmax	mu_Pmin	mu_Qmax	mu_Qmin
mpc.gen = [
	4	1244	0	0	0	1	100	1	1244	0	0	0	0	0	0	0	2	20	60	0	0	41.5516	0.0000	0.0000	0.0000;
	1	1235	0	0	0	1	100	1	1235	0	0	0	0	0	0	0	2	20	60	0	0	41.4811	0.0000	0.0000	0.0000;
	1	881	0	0	0	1	100	1	881	0	0	0	0	0	0	0	2	20	60	0	0	46.7849	0.0000	0.0000	0.0000;
	6	684.7	0	0	0	1	100	1	684.7	0	0	0	0	0	0	0	2	20	60	0	0	44.7617	0.0000	0.0000	0.0000;
	7	620.2	0	0	0	1	100	1	620.2	0	0	0	0	0	0	0	2	20	60	0	0	40.7763	0.0000	0.0000	0.0000;
	5	612	0	0	0	1	100	1	612	0	0	0	0	0	0	0	2	20	60	0	0	33.6223	0.0000	0.0000	0.0000;
	1	372.2	0	0	0	1	100	1	372.2	0	0	0	0	0	0	0	2	20	60	0	0	30.8261	0.0000	0.0000	0.0000;
	1	372.2	0	0	0	1	100	1	372.2	0	0	0	0	0	0	0	2	20	60	0	0	30.8261	0.0000	0.0000	0.0000;
	5	244	0	0	0	1	100	1	244	0	0	0	0	0	0	0	2	20	60	0	0	33.8907	0.0000	0.0000	0.0000;
	5	243.5	0	0	0	1	100	1	243.5	0	0	0	0	0	0	0	2	20	60	0	0	33.7908	0.0000	0.0000	0.0000;
	2	149.8	0	0	0	1	100	1	149.8	0	0	0	0	0	0	0	2	20	60	0	0	33.6133	0.0000	0.0000	0.0000;
	8	144.4	0	0	0	1	100	1	144.4	0	0	0	0	0	0	0	2	20	60	0	0	33.7146	0.0000	0.0000	0.0000;
	2	82	0	0	0	1	100	1	82	0	0	0	0	0	0	0	2	20	60	0	0	33.6295	0.0000	0.0000	0.0000;
	2	80	0	0	0	1	100	1	80	0	0	0	0	0	0	0	2	20	60	0	0	33.7300	0.0000	0.0000	0.0000;
	4	47.9	0	0	0	1	100	1	47.9	0	0	0	0	0	0	0	2	20	60	0	0	31.9092	0.0000	0.0000	0.0000;
	4	47.5	0	0	0	1	100	1	47.5	0	0	0	0	0	0	0	2	20	60	0	0	31.9106	0.0000	0.0000	0.0000;
	2	5.3157411e-15	0	0	0	1	100	1	600.4	0	0	0	0	0	0	0	2	20	60	0	0	0.0000	108.5008	0.0000	0.0000;
	6	5.70625955e-15	0	0	0	1	100	1	558.7	0	0	0	0	0	0	0	2	20	60	0	0	0.0000	101.1108	0.0000	0.0000;
	6	4.11548143e-15	0	0	0	1	100	1	553	0	0	0	0	0	0	0	2	20	60	0	0	0.0000	140.0108	0.0000	0.0000;
	1	5.34302548e-15	0	0	0	1	100	1	447.9	0	0	0	0	0	0	0	2	20	60	0	0	0.0000	107.9508	0.0000	0.0000;
	5	4.11723088e-15	0	0	0	1	100	1	435	0	0	0	0	0	0	0	2	20	60	0	0	0.0000	139.9508	0.0000	0.0000;
	2	3.1819172e-15	0	0	0	1	100	1	431	0	0	0	0	0	0	0	2	20	60	0	0	0.0000	180.9508	0.0000	0.0000;
	1	3.17454489e-15	0	0	0	1	100	1	407.4	0	0	0	0	0	0	0	2	20	60	0	0	0.0000	181.3708	0.0000	0.0000;
	4	7.95826232e-13	0	0	0	1	100	1	400.2	0	0	0	0	0	0	0	2	20	60	0	0	0.0000	2.5208	0.0000	0.0000;
	1	3.89019759e-15	0	0	0	1	100	1	400	0	0	0	0	0	0	0	2	20	60	0	0	0.0000	148.0908	0.0000	0.0000;
	1	4.11543258e-15	0	0	0	1	100	1	236	0	0	0	0	0	0	0	2	20	60	0	0	0.0000	140.0108	0.0000	0.0000;
	1	5.82178044e-15	0	0	0	1	100	1	168	0	0	0	0	0	0	0	2	20	60	0	0	0.0000	99.1108	0.0000	0.0000;
	1	5.76338357e-15	0	0	0	1	100	1	130.5	0	0	0	0	0	0	0	2	20	60	0	0	0.0000	100.1108	0.0000	0.0000;
	1	4.11542331e-15	0	0	0	1	100	1	117	0	0	0	0	0	0	0	2	20	60	0	0	0.0000	140.0108	0.0000	0.0000;
	2	5.64996667e-15	0	0	0	1	100	1	115.5	0	0	0	0	0	0	0	2	20	60	0	0	0.0000	102.1108	0.0000	0.0000;
	1	1.06988577e-12	0	0	0	1	100	1	81	0	0	0	0	0	0	0	2	20	60	0	0	0.0000	1.9508	0.0000	0.0000;
	2	693.8	0	0	0	1	100	1	693.8	0	0	0	0	0	0	0	6.66666667	66.6666667	200	0	0	24.8397	0.0000	0.0000	0.0000;
	2	685.3	0	0	0	1	100	1	685.3	0	0	0	0	0	0	0	6.66666667	66.6666667	200	0	0	22.9071	0.0000	0.0000	0.0000;
	6	1.86217447e-13	0	0	0	1	100	1	675.5	0	0	0	0	0	0	0	6.66666667	66.6666667	200	0	0	0.0000	4.9508	0.0000	0.0000;
	2	1.53230171e-14	0	0	0	1	100	1	554.8	0	0	0	0	0	0	0	6.66666667	66.6666667	200	0	0	0.0000	37.9508	0.0000	0.0000;
	5	515.5	0	0	0	1	100	1	515.5	0	0	0	0	0	0	0	6.66666667	66.6666667	200	0	0	21.3187	0.0000	0.0000	0.0000;
	4	508	0	0	0	1	100	1	508	0	0	0	0	0	0	0	6.66666667	66.6666667	200	0	0	25.9525	0.0000	0.0000	0.0000;
	2	490.4	0	0	0	1	100	1	490.4	0	0	0	0	0	0	0	6.66666667	66.6666667	200	0	0	26.1853	0.0000	0.0000	0.0000;
	1	350.895272	0	0	0	1	100	1	447.9	0	0	0	0	0	0	0	6.66666667	66.6666667	200	0	0	0.0000	0.0000	0.0000	0.0000;
	5	270.9	0	0	0	1	100	1	270.9	0	0	0	0	0	0	0	6.66666667	66.6666667	200	0	0	11.9220	0.0000	0.0000	0.0000;
	5	1.66787744e-13	0	0	0	1	100	1	264.9	0	0	0	0	0	0	0	6.66666667	66.6666667	200	0	0	0.0000	4.9508	0.0000	0.0000;
	5	248.7	0	0	0	1	100	1	248.7	0	0	0	0	0	0	0	6.66666667	66.6666667	200	0	0	29.8093	0.0000	0.0000	0.0000;
	5	247.8	0	0	0	1	100	1	247.8	0	0	0	0	0	0	0	6.66666667	66.6666667	200	0	0	29.7593	0.0000	0.0000	0.0000;
	5	247.8	0	0	0	1	100	1	247.8	0	0	0	0	0	0	0	6.66666667	66.6666667	200	0	0	29.8593	0.0000	0.0000	0.0000;
	2	8.20473111	0	0	0	1	100	1	244.9	0	0	0	0	0	0	0	6.66666667	66.6666667	200	0	0	0.0000	0.0000	0.0000	0.0000;
	6	1.22779204e-13	0	0	0	1	100	1	244.8	0	0	0	0	0	0	0	6.66666667	66.6666667	200	0	0	0.0000	5.9508	0.0000	0.0000;
	5	1.43914552e-13	0	0	0	1	100	1	238.6	0	0	0	0	0	0	0	6.66666667	66.6666667	200	0	0	0.0000	5.4508	0.0000	0.0000;
	8	238.3	0	0	0	1	100	1	238.3	0	0	0	0	0	0	0	6.66666667	66.6666667	200	0	0	25.2620	0.0000	0.0000	0.0000;
	5	2.08802687e-13	0	0	0	1	100	1	236.4	0	0	0	0	0	0	0	6.66666667	66.6666667	200	0	0	0.0000	4.4508	0.0000	0.0000;
	2	1.53269525e-14	0	0	0	1	100	1	153.5	0	0	0	0	0	0	0	6.66666667	66.6666667	200	0	0	0.0000	37.9508	0.0000	0.0000;
	5	1.99675018e-13	0	0	0	1	100	1	149	0	0	0	0	0	0	0	6.66666667	66.6666667	200	0	0	0.0000	4.4508	0.0000	0.0000;
	5	1.92586948e-13	0	0	0	1	100	1	149	0	0	0	0	0	0	0	6.66666667	66.6666667	200	0	0	0.0000	4.7008	0.0000	0.0000;
	5	1.81482009e-13	0	0	0	1	100	1	149	0	0	0	0	0	0	0	6.66666667	66.6666667	200	0	0	0.0000	4.9508	0.0000	0.0000;
	5	1.71228464e-13	0	0	0	1	100	1	149	0	0	0	0	0	0	0	6.66666667	66.6666667	200	0	0	0.0000	5.2008	0.0000	0.0000;
	6	1.5483901e-13	0	0	0	1	100	1	141.1	0	0	0	0	0	0	0	6.66666667	66.6666667	200	0	0	0.0000	5.2008	0.0000	0.0000;
	8	1.35213731e-14	0	0	0	1	100	1	141	0	0	0	0	0	0	0	6.66666667	66.6666667	200	0	0	0.0000	42.9508	0.0000	0.0000;
	6	1.28446254e-13	0	0	0	1	100	1	104.9	0	0	0	0	0	0	0	6.66666667	66.6666667	200	0	0	0.0000	5.4508	0.0000	0.0000;
	8	1.20962335e-14	0	0	0	1	100	1	104	0	0	0	0	0	0	0	6.66666667	66.6666667	200	0	0	0.0000	47.9508	0.0000	0.0000;
	1	1.64117781e-13	0	0	0	1	100	1	43.9	0	0	0	0	0	0	0	6.66666667	66.6666667	200	0	0	0.0000	4.9808	0.0000	0.0000;
	1	1.63905484e-13	0	0	0	1	100	1	43.5	0	0	0	0	0	0	0	6.66666667	66.6666667	200	0	0	0.0000	4.9808	0.0000	0.0000;
	1	1.63905484e-13	0	0	0	1	100	1	43.5	0	0	0	0	0	0	0	6.66666667	66.6666667	200	0	0	0.0000	4.9808	0.0000	0.0000;
	1	1.63415642e-13	0	0	0	1	100	1	42.6	0	0	0	0	0	0	0	6.66666667	66.6666667	200	0	0	0.0000	4.9808	0.0000	0.0000;
