function mpc = case8_isone_18_43
%CASE8_ISONE_18_43  8-zone synthetic grid based on ISO-NE data
%  This case represents hour 18/96 (4 days) and scenario 43/90.
%  Original system was created by Dheepak Krishnamurthy, Wanning Li
%  and Leigh Tesfatsion from Iowa State University.
%  Please cite [1] when publishing results based on this system.
%
%  [1] Krishnamurthy, Dheepak, Wanning Li, and Leigh Tesfatsion.
%  "An 8-zone test system based on ISO New England data: Development
%  and application." IEEE Transactions on Power Systems (2015).
%
%  Line capacities (RATE_A, RATE_B, RATE_C) are added based on line flow computation.
%
%  This Matpower case was created by X. Geng (06/21/2020).
%  Complete details (original data, scripts, revised cases) can be found at:
%  https://github.com/xb00dx/ISO-NE-8Zone-Test-System

%% MATPOWER Case Format : Version 2
mpc.version = '2';

%%-----  Power Flow Data  -----%%
%% system MVA base
mpc.baseMVA = 100;

%% bus data
%	bus_i	type	Pd	Qd	Gs	Bs	area	Vm	Va	baseKV	zone	Vmax	Vmin	lam_P	lam_Q	mu_Vmax	mu_Vmin
mpc.bus = [
	1	2	1359	0	0	0	1	1	17.5722146	345	1	1.05	0.95	60.8302	0.0000	0.0000	0.0000;
	2	2	2934	0	0	0	2	1	-14.5473984	345	2	1.05	0.95	60.8302	0.0000	0.0000	0.0000;
	3	2	1744	0	0	0	3	1	-1.25252447	345	3	1.05	0.95	60.8302	0.0000	0.0000	0.0000;
	4	3	2129	0	0	0	4	1	0	345	4	1.05	0.95	60.8302	0.0000	0.0000	0.0000;
	5	2	954	0	0	0	5	1	10.8543136	345	5	1.05	0.95	60.8302	0.0000	0.0000	0.0000;
	6	2	3748	0	0	0	6	1	-0.752220255	345	6	1.05	0.95	60.8302	0.0000	0.0000	0.0000;
	7	2	695	0	0	0	7	1	1.84529456	345	7	1.05	0.95	60.8302	0.0000	0.0000	0.0000;
	8	2	1345	0	0	0	8	1	7.18467099	345	8	1.05	0.95	60.8302	0.0000	0.0000	0.0000;
];

%% generator data
%	bus	Pg	Qg	Qmax	Qmin	Vg	mBase	status	Pmax	Pmin	Pc1	Pc2	Qc1min	Qc1max	Qc2min	Qc2max	ramp_agc	ramp_10	ramp_30	ramp_q	apf	mu_Pmax	mu_Pmin	mu_Qmax	mu_Qmin
mpc.gen = [
	4	1244	0	0	0	1	100	1	1244	0	0	0	0	0	0	0	2	20	60	0	0	50.3326	0.0000	0.0000	0.0000;
	1	1235	0	0	0	1	100	1	1235	0	0	0	0	0	0	0	2	20	60	0	0	50.2621	0.0000	0.0000	0.0000;
	1	881	0	0	0	1	100	1	881	0	0	0	0	0	0	0	2	20	60	0	0	55.5659	0.0000	0.0000	0.0000;
	6	684.7	0	0	0	1	100	1	684.7	0	0	0	0	0	0	0	2	20	60	0	0	53.5426	0.0000	0.0000	0.0000;
	7	620.2	0	0	0	1	100	1	620.2	0	0	0	0	0	0	0	2	20	60	0	0	49.5573	0.0000	0.0000	0.0000;
	5	612	0	0	0	1	100	1	612	0	0	0	0	0	0	0	2	20	60	0	0	42.4033	0.0000	0.0000	0.0000;
	1	372.2	0	0	0	1	100	1	372.2	0	0	0	0	0	0	0	2	20	60	0	0	39.6071	0.0000	0.0000	0.0000;
	1	372.2	0	0	0	1	100	1	372.2	0	0	0	0	0	0	0	2	20	60	0	0	39.6071	0.0000	0.0000	0.0000;
	5	244	0	0	0	1	100	1	244	0	0	0	0	0	0	0	2	20	60	0	0	42.6716	0.0000	0.0000	0.0000;
	5	243.5	0	0	0	1	100	1	243.5	0	0	0	0	0	0	0	2	20	60	0	0	42.5718	0.0000	0.0000	0.0000;
	2	149.8	0	0	0	1	100	1	149.8	0	0	0	0	0	0	0	2	20	60	0	0	42.3943	0.0000	0.0000	0.0000;
	8	144.4	0	0	0	1	100	1	144.4	0	0	0	0	0	0	0	2	20	60	0	0	42.4955	0.0000	0.0000	0.0000;
	2	82	0	0	0	1	100	1	82	0	0	0	0	0	0	0	2	20	60	0	0	42.4105	0.0000	0.0000	0.0000;
	2	80	0	0	0	1	100	1	80	0	0	0	0	0	0	0	2	20	60	0	0	42.5110	0.0000	0.0000	0.0000;
	4	47.9	0	0	0	1	100	1	47.9	0	0	0	0	0	0	0	2	20	60	0	0	40.6902	0.0000	0.0000	0.0000;
	4	47.5	0	0	0	1	100	1	47.5	0	0	0	0	0	0	0	2	20	60	0	0	40.6916	0.0000	0.0000	0.0000;
	2	1.12055154e-13	0	0	0	1	100	1	600.4	0	0	0	0	0	0	0	2	20	60	0	0	0.0000	99.7198	0.0000	0.0000;
	6	1.2100044e-13	0	0	0	1	100	1	558.7	0	0	0	0	0	0	0	2	20	60	0	0	0.0000	92.3298	0.0000	0.0000;
	6	8.51398282e-14	0	0	0	1	100	1	553	0	0	0	0	0	0	0	2	20	60	0	0	0.0000	131.2298	0.0000	0.0000;
	1	1.12654839e-13	0	0	0	1	100	1	447.9	0	0	0	0	0	0	0	2	20	60	0	0	0.0000	99.1698	0.0000	0.0000;
	5	8.51763259e-14	0	0	0	1	100	1	435	0	0	0	0	0	0	0	2	20	60	0	0	0.0000	131.1698	0.0000	0.0000;
	2	6.49038821e-14	0	0	0	1	100	1	431	0	0	0	0	0	0	0	2	20	60	0	0	0.0000	172.1698	0.0000	0.0000;
	1	6.47393328e-14	0	0	0	1	100	1	407.4	0	0	0	0	0	0	0	2	20	60	0	0	0.0000	172.5898	0.0000	0.0000;
	4	400.2	0	0	0	1	100	1	400.2	0	0	0	0	0	0	0	2	20	60	0	0	5.1396	0.0000	0.0000	0.0000;
	1	8.02014561e-14	0	0	0	1	100	1	400	0	0	0	0	0	0	0	2	20	60	0	0	0.0000	139.3098	0.0000	0.0000;
	1	8.51375681e-14	0	0	0	1	100	1	236	0	0	0	0	0	0	0	2	20	60	0	0	0.0000	131.2298	0.0000	0.0000;
	1	1.23672042e-13	0	0	0	1	100	1	168	0	0	0	0	0	0	0	2	20	60	0	0	0.0000	90.3298	0.0000	0.0000;
	1	1.22316208e-13	0	0	0	1	100	1	130.5	0	0	0	0	0	0	0	2	20	60	0	0	0.0000	91.3298	0.0000	0.0000;
	1	8.51349227e-14	0	0	0	1	100	1	117	0	0	0	0	0	0	0	2	20	60	0	0	0.0000	131.2298	0.0000	0.0000;
	2	1.19718495e-13	0	0	0	1	100	1	115.5	0	0	0	0	0	0	0	2	20	60	0	0	0.0000	93.3298	0.0000	0.0000;
	1	81	0	0	0	1	100	1	81	0	0	0	0	0	0	0	2	20	60	0	0	6.5062	0.0000	0.0000	0.0000;
	2	693.8	0	0	0	1	100	1	693.8	0	0	0	0	0	0	0	6.66666667	66.6666667	200	0	0	33.6207	0.0000	0.0000	0.0000;
	2	685.3	0	0	0	1	100	1	685.3	0	0	0	0	0	0	0	6.66666667	66.6666667	200	0	0	31.6881	0.0000	0.0000	0.0000;
	6	655.85708	0	0	0	1	100	1	675.5	0	0	0	0	0	0	0	6.66666667	66.6666667	200	0	0	0.0000	0.0000	0.0000	0.0000;
	2	3.82830386e-13	0	0	0	1	100	1	554.8	0	0	0	0	0	0	0	6.66666667	66.6666667	200	0	0	0.0000	29.1698	0.0000	0.0000;
	5	515.5	0	0	0	1	100	1	515.5	0	0	0	0	0	0	0	6.66666667	66.6666667	200	0	0	30.0997	0.0000	0.0000	0.0000;
	4	508	0	0	0	1	100	1	508	0	0	0	0	0	0	0	6.66666667	66.6666667	200	0	0	34.7335	0.0000	0.0000	0.0000;
	2	490.4	0	0	0	1	100	1	490.4	0	0	0	0	0	0	0	6.66666667	66.6666667	200	0	0	34.9663	0.0000	0.0000	0.0000;
	1	447.9	0	0	0	1	100	1	447.9	0	0	0	0	0	0	0	6.66666667	66.6666667	200	0	0	8.2145	0.0000	0.0000	0.0000;
	5	270.9	0	0	0	1	100	1	270.9	0	0	0	0	0	0	0	6.66666667	66.6666667	200	0	0	20.7030	0.0000	0.0000	0.0000;
	5	264.9	0	0	0	1	100	1	264.9	0	0	0	0	0	0	0	6.66666667	66.6666667	200	0	0	2.2408	0.0000	0.0000	0.0000;
	5	248.7	0	0	0	1	100	1	248.7	0	0	0	0	0	0	0	6.66666667	66.6666667	200	0	0	38.5903	0.0000	0.0000	0.0000;
	5	247.8	0	0	0	1	100	1	247.8	0	0	0	0	0	0	0	6.66666667	66.6666667	200	0	0	38.5403	0.0000	0.0000	0.0000;
	5	247.8	0	0	0	1	100	1	247.8	0	0	0	0	0	0	0	6.66666667	66.6666667	200	0	0	38.6403	0.0000	0.0000	0.0000;
	2	244.9	0	0	0	1	100	1	244.9	0	0	0	0	0	0	0	6.66666667	66.6666667	200	0	0	7.3608	0.0000	0.0000	0.0000;
	6	244.8	0	0	0	1	100	1	244.8	0	0	0	0	0	0	0	6.66666667	66.6666667	200	0	0	0.8718	0.0000	0.0000	0.0000;
	5	238.6	0	0	0	1	100	1	238.6	0	0	0	0	0	0	0	6.66666667	66.6666667	200	0	0	1.6600	0.0000	0.0000	0.0000;
	8	238.3	0	0	0	1	100	1	238.3	0	0	0	0	0	0	0	6.66666667	66.6666667	200	0	0	34.0430	0.0000	0.0000	0.0000;
	5	236.4	0	0	0	1	100	1	236.4	0	0	0	0	0	0	0	6.66666667	66.6666667	200	0	0	2.5714	0.0000	0.0000	0.0000;
	2	3.82925317e-13	0	0	0	1	100	1	153.5	0	0	0	0	0	0	0	6.66666667	66.6666667	200	0	0	0.0000	29.1698	0.0000	0.0000;
	5	149	0	0	0	1	100	1	149	0	0	0	0	0	0	0	6.66666667	66.6666667	200	0	0	1.9462	0.0000	0.0000	0.0000;
	5	149	0	0	0	1	100	1	149	0	0	0	0	0	0	0	6.66666667	66.6666667	200	0	0	0.2062	0.0000	0.0000	0.0000;
	5	109.434438	0	0	0	1	100	1	149	0	0	0	0	0	0	0	6.66666667	66.6666667	200	0	0	0.0000	0.0000	0.0000	0.0000;
	5	81.3683033	0	0	0	1	100	1	149	0	0	0	0	0	0	0	6.66666667	66.6666667	200	0	0	0.0000	0.0000	0.0000	0.0000;
	6	119.340178	0	0	0	1	100	1	141.1	0	0	0	0	0	0	0	6.66666667	66.6666667	200	0	0	0.0000	0.0000	0.0000	0.0000;
	8	3.26787092e-13	0	0	0	1	100	1	141	0	0	0	0	0	0	0	6.66666667	66.6666667	200	0	0	0.0000	34.1698	0.0000	0.0000;
	6	104.9	0	0	0	1	100	1	104.9	0	0	0	0	0	0	0	6.66666667	66.6666667	200	0	0	2.2812	0.0000	0.0000	0.0000;
	8	2.85076015e-13	0	0	0	1	100	1	104	0	0	0	0	0	0	0	6.66666667	66.6666667	200	0	0	0.0000	39.1698	0.0000	0.0000;
	1	43.9	0	0	0	1	100	1	43.9	0	0	0	0	0	0	0	6.66666667	66.6666667	200	0	0	1.9274	0.0000	0.0000	0.0000;
	1	43.5	0	0	0	1	100	1	43.5	0	0	0	0	0	0	0	6.66666667	66.6666667	200	0	0	1.9445	0.0000	0.0000	0.0000;
	1	43.5	0	0	0	1	100	1	43.5	0	0	0	0	0	0	0	6.66666667	66.6666667	200	0	0	1.9445	0.0000	0.0000	0.0000;
	1	42.6	0	0	0	1	100	1	42.6	0	0	0	0	0	0	0	6.66666667	66.6666667	200	0	0	1.9829	0.0000	0.0000	0.0000;
	8	3.55672739e-14	0	0	0	1	100	1	275	0	0	0	0	0	0	0	6.66666667	66.6666667	200	0	0	0.0000	314.1698	0.0000	0.0000;
	5	3.29454264e-14	0	0	0	1	100	1	300	0	0	0	0	0	0	0	6.66666667	66.6666667	200	0	0	0.0000	339.1698	0.0000	0.0000;
