function mpc = case8_isone_5_36
%CASE8_ISONE_5_36  8-zone synthetic grid based on ISO-NE data
%  This case represents hour 5/96 (4 days) and scenario 36/90.
%  Original system was created by Dheepak Krishnamurthy, Wanning Li
%  and Leigh Tesfatsion from Iowa State University.
%  Please cite [1] when publishing results based on this system.
%
%  [1] Krishnamurthy, Dheepak, Wanning Li, and Leigh Tesfatsion.
%  "An 8-zone test system based on ISO New England data: Development
%  and application." IEEE Transactions on Power Systems (2015).
%
%  Line capacities (RATE_A, RATE_B, RATE_C) are added based on line flow computation.
%
%  This Matpower case was created by X. Geng (06/21/2020).
%  Complete details (original data, scripts, revised cases) can be found at:
%  https://github.com/xb00dx/ISO-NE-8Zone-Test-System

%% MATPOWER Case Format : Version 2
mpc.version = '2';

%%-----  Power Flow Data  -----%%
%% system MVA base
mpc.baseMVA = 100;

%% bus data
%	bus_i	type	Pd	Qd	Gs	Bs	area	Vm	Va	baseKV	zone	Vmax	Vmin	lam_P	lam_Q	mu_Vmax	mu_Vmin
mpc.bus = [
	1	2	999	0	0	0	1	1	9.43057418	345	1	1.05	0.95	28.7988	0.0000	0.0000	0.0000;
	2	2	2048	0	0	0	2	1	2.13463284	345	2	1.05	0.95	28.7988	0.0000	0.0000	0.0000;
	3	2	1197	0	0	0	3	1	-6.58762503	345	3	1.05	0.95	28.7988	0.0000	0.0000	0.0000;
	4	3	1557	0	0	0	4	1	0	345	4	1.05	0.95	28.7988	0.0000	0.0000	0.0000;
	5	2	652	0	0	0	5	1	-0.240449617	345	5	1.05	0.95	28.7988	0.0000	0.0000	0.0000;
	6	2	2654	0	0	0	6	1	-9.05566625	345	6	1.05	0.95	28.7988	0.0000	0.0000	0.0000;
	7	2	521	0	0	0	7	1	2.15978287	345	7	1.05	0.95	28.7988	0.0000	0.0000	0.0000;
	8	2	942	0	0	0	8	1	1.98921238	345	8	1.05	0.95	28.7988	0.0000	0.0000	0.0000;
];

%% generator data
%	bus	Pg	Qg	Qmax	Qmin	Vg	mBase	status	Pmax	Pmin	Pc1	Pc2	Qc1min	Qc1max	Qc2min	Qc2max	ramp_agc	ramp_10	ramp_30	ramp_q	apf	mu_Pmax	mu_Pmin	mu_Qmax	mu_Qmin
mpc.gen = [
	4	1244	0	0	0	1	100	1	1244	0	0	0	0	0	0	0	2	20	60	0	0	18.3012	0.0000	0.0000	0.0000;
	1	1235	0	0	0	1	100	1	1235	0	0	0	0	0	0	0	2	20	60	0	0	18.2307	0.0000	0.0000	0.0000;
	1	881	0	0	0	1	100	1	881	0	0	0	0	0	0	0	2	20	60	0	0	23.5345	0.0000	0.0000	0.0000;
	6	684.7	0	0	0	1	100	1	684.7	0	0	0	0	0	0	0	2	20	60	0	0	21.5113	0.0000	0.0000	0.0000;
	7	620.2	0	0	0	1	100	1	620.2	0	0	0	0	0	0	0	2	20	60	0	0	17.5259	0.0000	0.0000	0.0000;
	5	612	0	0	0	1	100	1	612	0	0	0	0	0	0	0	2	20	60	0	0	10.3720	0.0000	0.0000	0.0000;
	1	372.2	0	0	0	1	100	1	372.2	0	0	0	0	0	0	0	2	20	60	0	0	7.5757	0.0000	0.0000	0.0000;
	1	372.2	0	0	0	1	100	1	372.2	0	0	0	0	0	0	0	2	20	60	0	0	7.5757	0.0000	0.0000	0.0000;
	5	244	0	0	0	1	100	1	244	0	0	0	0	0	0	0	2	20	60	0	0	10.6403	0.0000	0.0000	0.0000;
	5	243.5	0	0	0	1	100	1	243.5	0	0	0	0	0	0	0	2	20	60	0	0	10.5404	0.0000	0.0000	0.0000;
	2	149.8	0	0	0	1	100	1	149.8	0	0	0	0	0	0	0	2	20	60	0	0	10.3629	0.0000	0.0000	0.0000;
	8	144.4	0	0	0	1	100	1	144.4	0	0	0	0	0	0	0	2	20	60	0	0	10.4642	0.0000	0.0000	0.0000;
	2	82	0	0	0	1	100	1	82	0	0	0	0	0	0	0	2	20	60	0	0	10.3792	0.0000	0.0000	0.0000;
	2	80	0	0	0	1	100	1	80	0	0	0	0	0	0	0	2	20	60	0	0	10.4796	0.0000	0.0000	0.0000;
	4	47.9	0	0	0	1	100	1	47.9	0	0	0	0	0	0	0	2	20	60	0	0	8.6588	0.0000	0.0000	0.0000;
	4	47.5	0	0	0	1	100	1	47.5	0	0	0	0	0	0	0	2	20	60	0	0	8.6602	0.0000	0.0000	0.0000;
	2	2.00666153e-12	0	0	0	1	100	1	600.4	0	0	0	0	0	0	0	2	20	60	0	0	0.0000	131.7512	0.0000	0.0000;
	6	2.11500617e-12	0	0	0	1	100	1	558.7	0	0	0	0	0	0	0	2	20	60	0	0	0.0000	124.3612	0.0000	0.0000;
	6	1.62065348e-12	0	0	0	1	100	1	553	0	0	0	0	0	0	0	2	20	60	0	0	0.0000	163.2612	0.0000	0.0000;
	1	2.01254516e-12	0	0	0	1	100	1	447.9	0	0	0	0	0	0	0	2	20	60	0	0	0.0000	131.2012	0.0000	0.0000;
	5	1.62281688e-12	0	0	0	1	100	1	435	0	0	0	0	0	0	0	2	20	60	0	0	0.0000	163.2012	0.0000	0.0000;
	2	1.3052214e-12	0	0	0	1	100	1	431	0	0	0	0	0	0	0	2	20	60	0	0	0.0000	204.2012	0.0000	0.0000;
	1	1.30189151e-12	0	0	0	1	100	1	407.4	0	0	0	0	0	0	0	2	20	60	0	0	0.0000	204.6212	0.0000	0.0000;
	4	9.651999e-12	0	0	0	1	100	1	400.2	0	0	0	0	0	0	0	2	20	60	0	0	0.0000	25.7712	0.0000	0.0000;
	1	1.5488729e-12	0	0	0	1	100	1	400	0	0	0	0	0	0	0	2	20	60	0	0	0.0000	171.3412	0.0000	0.0000;
	1	1.62610776e-12	0	0	0	1	100	1	236	0	0	0	0	0	0	0	2	20	60	0	0	0.0000	163.2612	0.0000	0.0000;
	1	2.15976556e-12	0	0	0	1	100	1	168	0	0	0	0	0	0	0	2	20	60	0	0	0.0000	122.3612	0.0000	0.0000;
	1	2.14230816e-12	0	0	0	1	100	1	130.5	0	0	0	0	0	0	0	2	20	60	0	0	0.0000	123.3612	0.0000	0.0000;
	1	1.6255309e-12	0	0	0	1	100	1	117	0	0	0	0	0	0	0	2	20	60	0	0	0.0000	163.2612	0.0000	0.0000;
	2	2.11347662e-12	0	0	0	1	100	1	115.5	0	0	0	0	0	0	0	2	20	60	0	0	0.0000	125.3612	0.0000	0.0000;
	1	1.0147971e-11	0	0	0	1	100	1	81	0	0	0	0	0	0	0	2	20	60	0	0	0.0000	25.2012	0.0000	0.0000;
	2	693.8	0	0	0	1	100	1	693.8	0	0	0	0	0	0	0	6.66666667	66.6666667	200	0	0	1.5893	0.0000	0.0000	0.0000;
	2	626.512743	0	0	0	1	100	1	685.3	0	0	0	0	0	0	0	6.66666667	66.6666667	200	0	0	0.0000	0.0000	0.0000	0.0000;
	6	8.85861482e-12	0	0	0	1	100	1	675.5	0	0	0	0	0	0	0	6.66666667	66.6666667	200	0	0	0.0000	28.2012	0.0000	0.0000;
	2	4.27047663e-12	0	0	0	1	100	1	554.8	0	0	0	0	0	0	0	6.66666667	66.6666667	200	0	0	0.0000	61.2012	0.0000	0.0000;
	5	184.731921	0	0	0	1	100	1	515.5	0	0	0	0	0	0	0	6.66666667	66.6666667	200	0	0	0.0000	0.0000	0.0000	0.0000;
	4	508	0	0	0	1	100	1	508	0	0	0	0	0	0	0	6.66666667	66.6666667	200	0	0	2.7021	0.0000	0.0000	0.0000;
	2	490.4	0	0	0	1	100	1	490.4	0	0	0	0	0	0	0	6.66666667	66.6666667	200	0	0	2.9349	0.0000	0.0000	0.0000;
	1	1.18902123e-11	0	0	0	1	100	1	447.9	0	0	0	0	0	0	0	6.66666667	66.6666667	200	0	0	0.0000	21.2012	0.0000	0.0000;
	5	23.5553366	0	0	0	1	100	1	270.9	0	0	0	0	0	0	0	6.66666667	66.6666667	200	0	0	0.0000	0.0000	0.0000	0.0000;
	5	8.96121177e-12	0	0	0	1	100	1	264.9	0	0	0	0	0	0	0	6.66666667	66.6666667	200	0	0	0.0000	28.2012	0.0000	0.0000;
	5	248.7	0	0	0	1	100	1	248.7	0	0	0	0	0	0	0	6.66666667	66.6666667	200	0	0	6.5589	0.0000	0.0000	0.0000;
	5	247.8	0	0	0	1	100	1	247.8	0	0	0	0	0	0	0	6.66666667	66.6666667	200	0	0	6.5089	0.0000	0.0000	0.0000;
	5	247.8	0	0	0	1	100	1	247.8	0	0	0	0	0	0	0	6.66666667	66.6666667	200	0	0	6.6089	0.0000	0.0000	0.0000;
	2	1.0200044e-11	0	0	0	1	100	1	244.9	0	0	0	0	0	0	0	6.66666667	66.6666667	200	0	0	0.0000	23.2012	0.0000	0.0000;
	6	8.59002479e-12	0	0	0	1	100	1	244.8	0	0	0	0	0	0	0	6.66666667	66.6666667	200	0	0	0.0000	29.2012	0.0000	0.0000;
	5	8.77586068e-12	0	0	0	1	100	1	238.6	0	0	0	0	0	0	0	6.66666667	66.6666667	200	0	0	0.0000	28.7012	0.0000	0.0000;
	8	238.3	0	0	0	1	100	1	238.3	0	0	0	0	0	0	0	6.66666667	66.6666667	200	0	0	2.0116	0.0000	0.0000	0.0000;
	5	9.08164908e-12	0	0	0	1	100	1	236.4	0	0	0	0	0	0	0	6.66666667	66.6666667	200	0	0	0.0000	27.7012	0.0000	0.0000;
	2	4.25598042e-12	0	0	0	1	100	1	153.5	0	0	0	0	0	0	0	6.66666667	66.6666667	200	0	0	0.0000	61.2012	0.0000	0.0000;
	5	9.14858752e-12	0	0	0	1	100	1	149	0	0	0	0	0	0	0	6.66666667	66.6666667	200	0	0	0.0000	27.7012	0.0000	0.0000;
	5	9.08660505e-12	0	0	0	1	100	1	149	0	0	0	0	0	0	0	6.66666667	66.6666667	200	0	0	0.0000	27.9512	0.0000	0.0000;
	5	9.02825972e-12	0	0	0	1	100	1	149	0	0	0	0	0	0	0	6.66666667	66.6666667	200	0	0	0.0000	28.2012	0.0000	0.0000;
	5	8.9607866e-12	0	0	0	1	100	1	149	0	0	0	0	0	0	0	6.66666667	66.6666667	200	0	0	0.0000	28.4512	0.0000	0.0000;
	6	8.91889894e-12	0	0	0	1	100	1	141.1	0	0	0	0	0	0	0	6.66666667	66.6666667	200	0	0	0.0000	28.4512	0.0000	0.0000;
	8	3.95192441e-12	0	0	0	1	100	1	141	0	0	0	0	0	0	0	6.66666667	66.6666667	200	0	0	0.0000	66.2012	0.0000	0.0000;
	6	8.77758346e-12	0	0	0	1	100	1	104.9	0	0	0	0	0	0	0	6.66666667	66.6666667	200	0	0	0.0000	28.7012	0.0000	0.0000;
	8	3.68085574e-12	0	0	0	1	100	1	104	0	0	0	0	0	0	0	6.66666667	66.6666667	200	0	0	0.0000	71.2012	0.0000	0.0000;
	1	8.70843851e-12	0	0	0	1	100	1	43.9	0	0	0	0	0	0	0	6.66666667	66.6666667	200	0	0	0.0000	28.2312	0.0000	0.0000;
	1	8.67423974e-12	0	0	0	1	100	1	43.5	0	0	0	0	0	0	0	6.66666667	66.6666667	200	0	0	0.0000	28.2312	0.0000	0.0000;
	1	8.67423974e-12	0	0	0	1	100	1	43.5	0	0	0	0	0	0	0	6.66666667	66.6666667	200	0	0	0.0000	28.2312	0.0000	0.0000;
	1	8.59609648e-12	0	0	0	1	100	1	42.6	0	0	0	0	0	0	0	6.66666667	66.6666667	200	0	0	0.0000	28.2312	0.0000	0.0000;
