function mpc = case8_isone_57_4
%CASE8_ISONE_57_4  8-zone synthetic grid based on ISO-NE data
%  This case represents hour 57/96 (4 days) and scenario 4/90.
%  Original system was created by Dheepak Krishnamurthy, Wanning Li
%  and Leigh Tesfatsion from Iowa State University.
%  Please cite [1] when publishing results based on this system.
%
%  [1] Krishnamurthy, Dheepak, Wanning Li, and Leigh Tesfatsion.
%  "An 8-zone test system based on ISO New England data: Development
%  and application." IEEE Transactions on Power Systems (2015).
%
%  Line capacities (RATE_A, RATE_B, RATE_C) are added based on line flow computation.
%
%  This Matpower case was created by X. Geng (06/21/2020).
%  Complete details (original data, scripts, revised cases) can be found at:
%  https://github.com/xb00dx/ISO-NE-8Zone-Test-System

%% MATPOWER Case Format : Version 2
mpc.version = '2';

%%-----  Power Flow Data  -----%%
%% system MVA base
mpc.baseMVA = 100;

%% bus data
%	bus_i	type	Pd	Qd	Gs	Bs	area	Vm	Va	baseKV	zone	Vmax	Vmin	lam_P	lam_Q	mu_Vmax	mu_Vmin
mpc.bus = [
	1	2	1445	0	0	0	1	1	17.7325592	345	1	1.05	0.95	161.7706	0.0000	0.0000	0.0000;
	2	2	3221	0	0	0	2	1	1.41132635	345	2	1.05	0.95	161.7706	0.0000	0.0000	0.0000;
	3	2	1942	0	0	0	3	1	-3.71655945	345	3	1.05	0.95	161.7706	0.0000	0.0000	0.0000;
	4	3	2396	0	0	0	4	1	0	345	4	1.05	0.95	161.7706	0.0000	0.0000	0.0000;
	5	2	1043	0	0	0	5	1	8.72083912	345	5	1.05	0.95	161.7706	0.0000	0.0000	0.0000;
	6	2	4301	0	0	0	6	1	-4.16012433	345	6	1.05	0.95	161.7706	0.0000	0.0000	0.0000;
	7	2	767	0	0	0	7	1	0.686842832	345	7	1.05	0.95	161.7706	0.0000	0.0000	0.0000;
	8	2	1476	0	0	0	8	1	6.76371934	345	8	1.05	0.95	161.7706	0.0000	0.0000	0.0000;
];

%% generator data
%	bus	Pg	Qg	Qmax	Qmin	Vg	mBase	status	Pmax	Pmin	Pc1	Pc2	Qc1min	Qc1max	Qc2min	Qc2max	ramp_agc	ramp_10	ramp_30	ramp_q	apf	mu_Pmax	mu_Pmin	mu_Qmax	mu_Qmin
mpc.gen = [
	4	1244	0	0	0	1	100	1	1244	0	0	0	0	0	0	0	2	20	60	0	0	151.2730	0.0000	0.0000	0.0000;
	1	1235	0	0	0	1	100	1	1235	0	0	0	0	0	0	0	2	20	60	0	0	151.2025	0.0000	0.0000	0.0000;
	1	881	0	0	0	1	100	1	881	0	0	0	0	0	0	0	2	20	60	0	0	156.5063	0.0000	0.0000	0.0000;
	6	684.7	0	0	0	1	100	1	684.7	0	0	0	0	0	0	0	2	20	60	0	0	154.4831	0.0000	0.0000	0.0000;
	7	620.2	0	0	0	1	100	1	620.2	0	0	0	0	0	0	0	2	20	60	0	0	150.4977	0.0000	0.0000	0.0000;
	5	612	0	0	0	1	100	1	612	0	0	0	0	0	0	0	2	20	60	0	0	143.3438	0.0000	0.0000	0.0000;
	1	372.2	0	0	0	1	100	1	372.2	0	0	0	0	0	0	0	2	20	60	0	0	140.5475	0.0000	0.0000	0.0000;
	1	372.2	0	0	0	1	100	1	372.2	0	0	0	0	0	0	0	2	20	60	0	0	140.5475	0.0000	0.0000	0.0000;
	5	244	0	0	0	1	100	1	244	0	0	0	0	0	0	0	2	20	60	0	0	143.6121	0.0000	0.0000	0.0000;
	5	243.5	0	0	0	1	100	1	243.5	0	0	0	0	0	0	0	2	20	60	0	0	143.5122	0.0000	0.0000	0.0000;
	2	149.8	0	0	0	1	100	1	149.8	0	0	0	0	0	0	0	2	20	60	0	0	143.3347	0.0000	0.0000	0.0000;
	8	144.4	0	0	0	1	100	1	144.4	0	0	0	0	0	0	0	2	20	60	0	0	143.4360	0.0000	0.0000	0.0000;
	2	82	0	0	0	1	100	1	82	0	0	0	0	0	0	0	2	20	60	0	0	143.3510	0.0000	0.0000	0.0000;
	2	80	0	0	0	1	100	1	80	0	0	0	0	0	0	0	2	20	60	0	0	143.4514	0.0000	0.0000	0.0000;
	4	47.9	0	0	0	1	100	1	47.9	0	0	0	0	0	0	0	2	20	60	0	0	141.6306	0.0000	0.0000	0.0000;
	4	47.5	0	0	0	1	100	1	47.5	0	0	0	0	0	0	0	2	20	60	0	0	141.6320	0.0000	0.0000	0.0000;
	2	25.7843591	0	0	0	1	100	1	600.4	0	0	0	0	0	0	0	2	20	60	0	0	0.0000	0.0000	0.0000	0.0000;
	6	124.431092	0	0	0	1	100	1	558.7	0	0	0	0	0	0	0	2	20	60	0	0	0.0000	0.0000	0.0000	0.0000;
	6	1.59820583e-12	0	0	0	1	100	1	553	0	0	0	0	0	0	0	2	20	60	0	0	0.0000	30.2894	0.0000	0.0000;
	1	37.5133804	0	0	0	1	100	1	447.9	0	0	0	0	0	0	0	2	20	60	0	0	0.0000	0.0000	0.0000	0.0000;
	5	1.62336542e-12	0	0	0	1	100	1	435	0	0	0	0	0	0	0	2	20	60	0	0	0.0000	30.2294	0.0000	0.0000;
	2	5.44271102e-13	0	0	0	1	100	1	431	0	0	0	0	0	0	0	2	20	60	0	0	0.0000	71.2294	0.0000	0.0000;
	1	5.42615044e-13	0	0	0	1	100	1	407.4	0	0	0	0	0	0	0	2	20	60	0	0	0.0000	71.6494	0.0000	0.0000;
	4	400.2	0	0	0	1	100	1	400.2	0	0	0	0	0	0	0	2	20	60	0	0	106.0801	0.0000	0.0000	0.0000;
	1	1.17260952e-12	0	0	0	1	100	1	400	0	0	0	0	0	0	0	2	20	60	0	0	0.0000	38.3694	0.0000	0.0000;
	1	1.6307234e-12	0	0	0	1	100	1	236	0	0	0	0	0	0	0	2	20	60	0	0	0.0000	30.2894	0.0000	0.0000;
	1	152.890945	0	0	0	1	100	1	168	0	0	0	0	0	0	0	2	20	60	0	0	0.0000	0.0000	0.0000	0.0000;
	1	130.5	0	0	0	1	100	1	130.5	0	0	0	0	0	0	0	2	20	60	0	0	0.6061	0.0000	0.0000	0.0000;
	1	1.57233782e-12	0	0	0	1	100	1	117	0	0	0	0	0	0	0	2	20	60	0	0	0.0000	30.2894	0.0000	0.0000;
	2	109.980224	0	0	0	1	100	1	115.5	0	0	0	0	0	0	0	2	20	60	0	0	0.0000	0.0000	0.0000	0.0000;
	1	81	0	0	0	1	100	1	81	0	0	0	0	0	0	0	2	20	60	0	0	107.4466	0.0000	0.0000	0.0000;
	2	693.8	0	0	0	1	100	1	693.8	0	0	0	0	0	0	0	6.66666667	66.6666667	200	0	0	134.5611	0.0000	0.0000	0.0000;
	2	685.3	0	0	0	1	100	1	685.3	0	0	0	0	0	0	0	6.66666667	66.6666667	200	0	0	132.6285	0.0000	0.0000	0.0000;
	6	675.5	0	0	0	1	100	1	675.5	0	0	0	0	0	0	0	6.66666667	66.6666667	200	0	0	100.8257	0.0000	0.0000	0.0000;
	2	554.8	0	0	0	1	100	1	554.8	0	0	0	0	0	0	0	6.66666667	66.6666667	200	0	0	68.5306	0.0000	0.0000	0.0000;
	5	515.5	0	0	0	1	100	1	515.5	0	0	0	0	0	0	0	6.66666667	66.6666667	200	0	0	131.0401	0.0000	0.0000	0.0000;
	4	508	0	0	0	1	100	1	508	0	0	0	0	0	0	0	6.66666667	66.6666667	200	0	0	135.6739	0.0000	0.0000	0.0000;
	2	490.4	0	0	0	1	100	1	490.4	0	0	0	0	0	0	0	6.66666667	66.6666667	200	0	0	135.9067	0.0000	0.0000	0.0000;
	1	447.9	0	0	0	1	100	1	447.9	0	0	0	0	0	0	0	6.66666667	66.6666667	200	0	0	109.1549	0.0000	0.0000	0.0000;
	5	270.9	0	0	0	1	100	1	270.9	0	0	0	0	0	0	0	6.66666667	66.6666667	200	0	0	121.6434	0.0000	0.0000	0.0000;
	5	264.9	0	0	0	1	100	1	264.9	0	0	0	0	0	0	0	6.66666667	66.6666667	200	0	0	103.1812	0.0000	0.0000	0.0000;
	5	248.7	0	0	0	1	100	1	248.7	0	0	0	0	0	0	0	6.66666667	66.6666667	200	0	0	139.5307	0.0000	0.0000	0.0000;
	5	247.8	0	0	0	1	100	1	247.8	0	0	0	0	0	0	0	6.66666667	66.6666667	200	0	0	139.4807	0.0000	0.0000	0.0000;
	5	247.8	0	0	0	1	100	1	247.8	0	0	0	0	0	0	0	6.66666667	66.6666667	200	0	0	139.5807	0.0000	0.0000	0.0000;
	2	244.9	0	0	0	1	100	1	244.9	0	0	0	0	0	0	0	6.66666667	66.6666667	200	0	0	108.3012	0.0000	0.0000	0.0000;
	6	244.8	0	0	0	1	100	1	244.8	0	0	0	0	0	0	0	6.66666667	66.6666667	200	0	0	101.8122	0.0000	0.0000	0.0000;
	5	238.6	0	0	0	1	100	1	238.6	0	0	0	0	0	0	0	6.66666667	66.6666667	200	0	0	102.6004	0.0000	0.0000	0.0000;
	8	238.3	0	0	0	1	100	1	238.3	0	0	0	0	0	0	0	6.66666667	66.6666667	200	0	0	134.9834	0.0000	0.0000	0.0000;
	5	236.4	0	0	0	1	100	1	236.4	0	0	0	0	0	0	0	6.66666667	66.6666667	200	0	0	103.5118	0.0000	0.0000	0.0000;
	2	153.5	0	0	0	1	100	1	153.5	0	0	0	0	0	0	0	6.66666667	66.6666667	200	0	0	70.5119	0.0000	0.0000	0.0000;
	5	149	0	0	0	1	100	1	149	0	0	0	0	0	0	0	6.66666667	66.6666667	200	0	0	102.8866	0.0000	0.0000	0.0000;
	5	149	0	0	0	1	100	1	149	0	0	0	0	0	0	0	6.66666667	66.6666667	200	0	0	101.1466	0.0000	0.0000	0.0000;
	5	149	0	0	0	1	100	1	149	0	0	0	0	0	0	0	6.66666667	66.6666667	200	0	0	99.5556	0.0000	0.0000	0.0000;
	5	149	0	0	0	1	100	1	149	0	0	0	0	0	0	0	6.66666667	66.6666667	200	0	0	97.9646	0.0000	0.0000	0.0000;
	6	141.1	0	0	0	1	100	1	141.1	0	0	0	0	0	0	0	6.66666667	66.6666667	200	0	0	100.2876	0.0000	0.0000	0.0000;
	8	141	0	0	0	1	100	1	141	0	0	0	0	0	0	0	6.66666667	66.6666667	200	0	0	65.7836	0.0000	0.0000	0.0000;
	6	104.9	0	0	0	1	100	1	104.9	0	0	0	0	0	0	0	6.66666667	66.6666667	200	0	0	103.2216	0.0000	0.0000	0.0000;
	8	104	0	0	0	1	100	1	104	0	0	0	0	0	0	0	6.66666667	66.6666667	200	0	0	60.2106	0.0000	0.0000	0.0000;
	1	43.9	0	0	0	1	100	1	43.9	0	0	0	0	0	0	0	6.66666667	66.6666667	200	0	0	102.8679	0.0000	0.0000	0.0000;
	1	43.5	0	0	0	1	100	1	43.5	0	0	0	0	0	0	0	6.66666667	66.6666667	200	0	0	102.8849	0.0000	0.0000	0.0000;
	1	43.5	0	0	0	1	100	1	43.5	0	0	0	0	0	0	0	6.66666667	66.6666667	200	0	0	102.8849	0.0000	0.0000	0.0000;
	1	42.6	0	0	0	1	100	1	42.6	0	0	0	0	0	0	0	6.66666667	66.6666667	200	0	0	102.9233	0.0000	0.0000	0.0000;
	8	1.71844024e-13	0	0	0	1	100	1	275	0	0	0	0	0	0	0	6.66666667	66.6666667	200	0	0	0.0000	213.2294	0.0000	0.0000;
	5	1.54074695e-13	0	0	0	1	100	1	300	0	0	0	0	0	0	0	6.66666667	66.6666667	200	0	0	0.0000	238.2294	0.0000	0.0000;
