function mpc = case8_isone_54_34
%CASE8_ISONE_54_34  8-zone synthetic grid based on ISO-NE data
%  This case represents hour 54/96 (4 days) and scenario 34/90.
%  Original system was created by Dheepak Krishnamurthy, Wanning Li
%  and Leigh Tesfatsion from Iowa State University.
%  Please cite [1] when publishing results based on this system.
%
%  [1] Krishnamurthy, Dheepak, Wanning Li, and Leigh Tesfatsion.
%  "An 8-zone test system based on ISO New England data: Development
%  and application." IEEE Transactions on Power Systems (2015).
%
%  Line capacities (RATE_A, RATE_B, RATE_C) are added based on line flow computation.
%
%  This Matpower case was created by X. Geng (06/21/2020).
%  Complete details (original data, scripts, revised cases) can be found at:
%  https://github.com/xb00dx/ISO-NE-8Zone-Test-System

%% MATPOWER Case Format : Version 2
mpc.version = '2';

%%-----  Power Flow Data  -----%%
%% system MVA base
mpc.baseMVA = 100;

%% bus data
%	bus_i	type	Pd	Qd	Gs	Bs	area	Vm	Va	baseKV	zone	Vmax	Vmin	lam_P	lam_Q	mu_Vmax	mu_Vmin
mpc.bus = [
	1	2	1114	0	0	0	1	1	12.9376484	345	1	1.05	0.95	52.4103	0.0000	0.0000	0.0000;
	2	2	2233	0	0	0	2	1	0.477858425	345	2	1.05	0.95	52.4103	0.0000	0.0000	0.0000;
	3	2	1331	0	0	0	3	1	-5.4498175	345	3	1.05	0.95	52.4103	0.0000	0.0000	0.0000;
	4	3	1715	0	0	0	4	1	0	345	4	1.05	0.95	52.4103	0.0000	0.0000	0.0000;
	5	2	711	0	0	0	5	1	2.8101278	345	5	1.05	0.95	52.4103	0.0000	0.0000	0.0000;
	6	2	2950	0	0	0	6	1	-7.80945131	345	6	1.05	0.95	52.4103	0.0000	0.0000	0.0000;
	7	2	573	0	0	0	7	1	2.2261044	345	7	1.05	0.95	52.4103	0.0000	0.0000	0.0000;
	8	2	1061	0	0	0	8	1	3.94264453	345	8	1.05	0.95	52.4103	0.0000	0.0000	0.0000;
];

%% generator data
%	bus	Pg	Qg	Qmax	Qmin	Vg	mBase	status	Pmax	Pmin	Pc1	Pc2	Qc1min	Qc1max	Qc2min	Qc2max	ramp_agc	ramp_10	ramp_30	ramp_q	apf	mu_Pmax	mu_Pmin	mu_Qmax	mu_Qmin
mpc.gen = [
	4	1244	0	0	0	1	100	1	1244	0	0	0	0	0	0	0	2	20	60	0	0	41.9127	0.0000	0.0000	0.0000;
	1	1235	0	0	0	1	100	1	1235	0	0	0	0	0	0	0	2	20	60	0	0	41.8422	0.0000	0.0000	0.0000;
	1	881	0	0	0	1	100	1	881	0	0	0	0	0	0	0	2	20	60	0	0	47.1460	0.0000	0.0000	0.0000;
	6	684.7	0	0	0	1	100	1	684.7	0	0	0	0	0	0	0	2	20	60	0	0	45.1227	0.0000	0.0000	0.0000;
	7	620.2	0	0	0	1	100	1	620.2	0	0	0	0	0	0	0	2	20	60	0	0	41.1374	0.0000	0.0000	0.0000;
	5	612	0	0	0	1	100	1	612	0	0	0	0	0	0	0	2	20	60	0	0	33.9834	0.0000	0.0000	0.0000;
	1	372.2	0	0	0	1	100	1	372.2	0	0	0	0	0	0	0	2	20	60	0	0	31.1871	0.0000	0.0000	0.0000;
	1	372.2	0	0	0	1	100	1	372.2	0	0	0	0	0	0	0	2	20	60	0	0	31.1871	0.0000	0.0000	0.0000;
	5	244	0	0	0	1	100	1	244	0	0	0	0	0	0	0	2	20	60	0	0	34.2517	0.0000	0.0000	0.0000;
	5	243.5	0	0	0	1	100	1	243.5	0	0	0	0	0	0	0	2	20	60	0	0	34.1518	0.0000	0.0000	0.0000;
	2	149.8	0	0	0	1	100	1	149.8	0	0	0	0	0	0	0	2	20	60	0	0	33.9743	0.0000	0.0000	0.0000;
	8	144.4	0	0	0	1	100	1	144.4	0	0	0	0	0	0	0	2	20	60	0	0	34.0756	0.0000	0.0000	0.0000;
	2	82	0	0	0	1	100	1	82	0	0	0	0	0	0	0	2	20	60	0	0	33.9906	0.0000	0.0000	0.0000;
	2	80	0	0	0	1	100	1	80	0	0	0	0	0	0	0	2	20	60	0	0	34.0911	0.0000	0.0000	0.0000;
	4	47.9	0	0	0	1	100	1	47.9	0	0	0	0	0	0	0	2	20	60	0	0	32.2703	0.0000	0.0000	0.0000;
	4	47.5	0	0	0	1	100	1	47.5	0	0	0	0	0	0	0	2	20	60	0	0	32.2716	0.0000	0.0000	0.0000;
	2	2.05534444e-11	0	0	0	1	100	1	600.4	0	0	0	0	0	0	0	2	20	60	0	0	0.0000	108.1397	0.0000	0.0000;
	6	2.62533999e-11	0	0	0	1	100	1	558.7	0	0	0	0	0	0	0	2	20	60	0	0	0.0000	100.7497	0.0000	0.0000;
	6	1.79109545e-11	0	0	0	1	100	1	553	0	0	0	0	0	0	0	2	20	60	0	0	0.0000	139.6497	0.0000	0.0000;
	1	2.32215907e-11	0	0	0	1	100	1	447.9	0	0	0	0	0	0	0	2	20	60	0	0	0.0000	107.5897	0.0000	0.0000;
	5	1.74944248e-11	0	0	0	1	100	1	435	0	0	0	0	0	0	0	2	20	60	0	0	0.0000	139.5897	0.0000	0.0000;
	2	1.21798641e-11	0	0	0	1	100	1	431	0	0	0	0	0	0	0	2	20	60	0	0	0.0000	180.5897	0.0000	0.0000;
	1	1.31835836e-11	0	0	0	1	100	1	407.4	0	0	0	0	0	0	0	2	20	60	0	0	0.0000	181.0097	0.0000	0.0000;
	4	4.08890098e-09	0	0	0	1	100	1	400.2	0	0	0	0	0	0	0	2	20	60	0	0	0.0000	2.1597	0.0000	0.0000;
	1	1.62900099e-11	0	0	0	1	100	1	400	0	0	0	0	0	0	0	2	20	60	0	0	0.0000	147.7297	0.0000	0.0000;
	1	1.6721253e-11	0	0	0	1	100	1	236	0	0	0	0	0	0	0	2	20	60	0	0	0.0000	139.6497	0.0000	0.0000;
	1	2.46578901e-11	0	0	0	1	100	1	168	0	0	0	0	0	0	0	2	20	60	0	0	0.0000	98.7497	0.0000	0.0000;
	1	2.58907732e-11	0	0	0	1	100	1	130.5	0	0	0	0	0	0	0	2	20	60	0	0	0.0000	99.7497	0.0000	0.0000;
	1	1.74293944e-11	0	0	0	1	100	1	117	0	0	0	0	0	0	0	2	20	60	0	0	0.0000	139.6497	0.0000	0.0000;
	2	2.56081132e-11	0	0	0	1	100	1	115.5	0	0	0	0	0	0	0	2	20	60	0	0	0.0000	101.7497	0.0000	0.0000;
	1	4.41965162e-09	0	0	0	1	100	1	81	0	0	0	0	0	0	0	2	20	60	0	0	0.0000	1.5897	0.0000	0.0000;
	2	693.8	0	0	0	1	100	1	693.8	0	0	0	0	0	0	0	6.66666667	66.6666667	200	0	0	25.2007	0.0000	0.0000	0.0000;
	2	685.3	0	0	0	1	100	1	685.3	0	0	0	0	0	0	0	6.66666667	66.6666667	200	0	0	23.2681	0.0000	0.0000	0.0000;
	6	1.36995948e-09	0	0	0	1	100	1	675.5	0	0	0	0	0	0	0	6.66666667	66.6666667	200	0	0	0.0000	4.5897	0.0000	0.0000;
	2	5.92480977e-11	0	0	0	1	100	1	554.8	0	0	0	0	0	0	0	6.66666667	66.6666667	200	0	0	0.0000	37.5897	0.0000	0.0000;
	5	515.5	0	0	0	1	100	1	515.5	0	0	0	0	0	0	0	6.66666667	66.6666667	200	0	0	21.6798	0.0000	0.0000	0.0000;
	4	508	0	0	0	1	100	1	508	0	0	0	0	0	0	0	6.66666667	66.6666667	200	0	0	26.3136	0.0000	0.0000	0.0000;
	2	490.4	0	0	0	1	100	1	490.4	0	0	0	0	0	0	0	6.66666667	66.6666667	200	0	0	26.5463	0.0000	0.0000	0.0000;
	1	412.719594	0	0	0	1	100	1	447.9	0	0	0	0	0	0	0	6.66666667	66.6666667	200	0	0	0.0000	0.0000	0.0000	0.0000;
	5	270.9	0	0	0	1	100	1	270.9	0	0	0	0	0	0	0	6.66666667	66.6666667	200	0	0	12.2831	0.0000	0.0000	0.0000;
	5	1.12120812e-09	0	0	0	1	100	1	264.9	0	0	0	0	0	0	0	6.66666667	66.6666667	200	0	0	0.0000	4.5897	0.0000	0.0000;
	5	248.7	0	0	0	1	100	1	248.7	0	0	0	0	0	0	0	6.66666667	66.6666667	200	0	0	30.1703	0.0000	0.0000	0.0000;
	5	247.8	0	0	0	1	100	1	247.8	0	0	0	0	0	0	0	6.66666667	66.6666667	200	0	0	30.1204	0.0000	0.0000	0.0000;
	5	247.8	0	0	0	1	100	1	247.8	0	0	0	0	0	0	0	6.66666667	66.6666667	200	0	0	30.2204	0.0000	0.0000	0.0000;
	2	68.3804058	0	0	0	1	100	1	244.9	0	0	0	0	0	0	0	6.66666667	66.6666667	200	0	0	0.0000	0.0000	0.0000	0.0000;
	6	8.66297007e-10	0	0	0	1	100	1	244.8	0	0	0	0	0	0	0	6.66666667	66.6666667	200	0	0	0.0000	5.5897	0.0000	0.0000;
	5	1.01858512e-09	0	0	0	1	100	1	238.6	0	0	0	0	0	0	0	6.66666667	66.6666667	200	0	0	0.0000	5.0897	0.0000	0.0000;
	8	238.3	0	0	0	1	100	1	238.3	0	0	0	0	0	0	0	6.66666667	66.6666667	200	0	0	25.6230	0.0000	0.0000	0.0000;
	5	1.38266325e-09	0	0	0	1	100	1	236.4	0	0	0	0	0	0	0	6.66666667	66.6666667	200	0	0	0.0000	4.0897	0.0000	0.0000;
	2	8.05044649e-11	0	0	0	1	100	1	153.5	0	0	0	0	0	0	0	6.66666667	66.6666667	200	0	0	0.0000	37.5897	0.0000	0.0000;
	5	1.31015506e-09	0	0	0	1	100	1	149	0	0	0	0	0	0	0	6.66666667	66.6666667	200	0	0	0.0000	4.0897	0.0000	0.0000;
	5	1.38026933e-09	0	0	0	1	100	1	149	0	0	0	0	0	0	0	6.66666667	66.6666667	200	0	0	0.0000	4.3397	0.0000	0.0000;
	5	1.36995539e-09	0	0	0	1	100	1	149	0	0	0	0	0	0	0	6.66666667	66.6666667	200	0	0	0.0000	4.5897	0.0000	0.0000;
	5	1.34852832e-09	0	0	0	1	100	1	149	0	0	0	0	0	0	0	6.66666667	66.6666667	200	0	0	0.0000	4.8397	0.0000	0.0000;
	6	1.09332164e-09	0	0	0	1	100	1	141.1	0	0	0	0	0	0	0	6.66666667	66.6666667	200	0	0	0.0000	4.8397	0.0000	0.0000;
	8	6.85172426e-11	0	0	0	1	100	1	141	0	0	0	0	0	0	0	6.66666667	66.6666667	200	0	0	0.0000	42.5897	0.0000	0.0000;
	6	8.3283669e-10	0	0	0	1	100	1	104.9	0	0	0	0	0	0	0	6.66666667	66.6666667	200	0	0	0.0000	5.0897	0.0000	0.0000;
	8	6.01045309e-11	0	0	0	1	100	1	104	0	0	0	0	0	0	0	6.66666667	66.6666667	200	0	0	0.0000	47.5897	0.0000	0.0000;
	1	1.18892426e-09	0	0	0	1	100	1	43.9	0	0	0	0	0	0	0	6.66666667	66.6666667	200	0	0	0.0000	4.6197	0.0000	0.0000;
	1	1.18647435e-09	0	0	0	1	100	1	43.5	0	0	0	0	0	0	0	6.66666667	66.6666667	200	0	0	0.0000	4.6197	0.0000	0.0000;
	1	1.18647435e-09	0	0	0	1	100	1	43.5	0	0	0	0	0	0	0	6.66666667	66.6666667	200	0	0	0.0000	4.6197	0.0000	0.0000;
	1	1.18086506e-09	0	0	0	1	100	1	42.6	0	0	0	0	0	0	0	6.66666667	66.6666667	200	0	0	0.0000	4.6197	0.0000	0.0000;
