function mpc = case8_isone_71_73
%CASE8_ISONE_71_73  8-zone synthetic grid based on ISO-NE data
%  This case represents hour 71/96 (4 days) and scenario 73/90.
%  Original system was created by Dheepak Krishnamurthy, Wanning Li
%  and Leigh Tesfatsion from Iowa State University.
%  Please cite [1] when publishing results based on this system.
%
%  [1] Krishnamurthy, Dheepak, Wanning Li, and Leigh Tesfatsion.
%  "An 8-zone test system based on ISO New England data: Development
%  and application." IEEE Transactions on Power Systems (2015).
%
%  Line capacities (RATE_A, RATE_B, RATE_C) are added based on line flow computation.
%
%  This Matpower case was created by X. Geng (06/21/2020).
%  Complete details (original data, scripts, revised cases) can be found at:
%  https://github.com/xb00dx/ISO-NE-8Zone-Test-System

%% MATPOWER Case Format : Version 2
mpc.version = '2';

%%-----  Power Flow Data  -----%%
%% system MVA base
mpc.baseMVA = 100;

%% bus data
%	bus_i	type	Pd	Qd	Gs	Bs	area	Vm	Va	baseKV	zone	Vmax	Vmin	lam_P	lam_Q	mu_Vmax	mu_Vmin
mpc.bus = [
	1	2	1108	0	0	0	1	1	11.6610374	345	1	1.05	0.95	55.5732	0.0000	0.0000	0.0000;
	2	2	2443	0	0	0	2	1	-0.481284548	345	2	1.05	0.95	55.5732	0.0000	0.0000	0.0000;
	3	2	1480	0	0	0	3	1	-7.94869731	345	3	1.05	0.95	55.5732	0.0000	0.0000	0.0000;
	4	3	1711	0	0	0	4	1	0	345	4	1.05	0.95	55.5732	0.0000	0.0000	0.0000;
	5	2	793	0	0	0	5	1	0.139447281	345	5	1.05	0.95	55.5732	0.0000	0.0000	0.0000;
	6	2	3143	0	0	0	6	1	-10.9471358	345	6	1.05	0.95	55.5732	0.0000	0.0000	0.0000;
	7	2	567	0	0	0	7	1	1.70382503	345	7	1.05	0.95	55.5732	0.0000	0.0000	0.0000;
	8	2	1094	0	0	0	8	1	2.43068129	345	8	1.05	0.95	55.5732	0.0000	0.0000	0.0000;
];

%% generator data
%	bus	Pg	Qg	Qmax	Qmin	Vg	mBase	status	Pmax	Pmin	Pc1	Pc2	Qc1min	Qc1max	Qc2min	Qc2max	ramp_agc	ramp_10	ramp_30	ramp_q	apf	mu_Pmax	mu_Pmin	mu_Qmax	mu_Qmin
mpc.gen = [
	4	1244	0	0	0	1	100	1	1244	0	0	0	0	0	0	0	2	20	60	0	0	45.0756	0.0000	0.0000	0.0000;
	1	1235	0	0	0	1	100	1	1235	0	0	0	0	0	0	0	2	20	60	0	0	45.0051	0.0000	0.0000	0.0000;
	1	881	0	0	0	1	100	1	881	0	0	0	0	0	0	0	2	20	60	0	0	50.3089	0.0000	0.0000	0.0000;
	6	684.7	0	0	0	1	100	1	684.7	0	0	0	0	0	0	0	2	20	60	0	0	48.2857	0.0000	0.0000	0.0000;
	7	620.2	0	0	0	1	100	1	620.2	0	0	0	0	0	0	0	2	20	60	0	0	44.3004	0.0000	0.0000	0.0000;
	5	612	0	0	0	1	100	1	612	0	0	0	0	0	0	0	2	20	60	0	0	37.1464	0.0000	0.0000	0.0000;
	1	372.2	0	0	0	1	100	1	372.2	0	0	0	0	0	0	0	2	20	60	0	0	34.3501	0.0000	0.0000	0.0000;
	1	372.2	0	0	0	1	100	1	372.2	0	0	0	0	0	0	0	2	20	60	0	0	34.3501	0.0000	0.0000	0.0000;
	5	244	0	0	0	1	100	1	244	0	0	0	0	0	0	0	2	20	60	0	0	37.4147	0.0000	0.0000	0.0000;
	5	243.5	0	0	0	1	100	1	243.5	0	0	0	0	0	0	0	2	20	60	0	0	37.3148	0.0000	0.0000	0.0000;
	2	149.8	0	0	0	1	100	1	149.8	0	0	0	0	0	0	0	2	20	60	0	0	37.1373	0.0000	0.0000	0.0000;
	8	144.4	0	0	0	1	100	1	144.4	0	0	0	0	0	0	0	2	20	60	0	0	37.2386	0.0000	0.0000	0.0000;
	2	82	0	0	0	1	100	1	82	0	0	0	0	0	0	0	2	20	60	0	0	37.1536	0.0000	0.0000	0.0000;
	2	80	0	0	0	1	100	1	80	0	0	0	0	0	0	0	2	20	60	0	0	37.2540	0.0000	0.0000	0.0000;
	4	47.9	0	0	0	1	100	1	47.9	0	0	0	0	0	0	0	2	20	60	0	0	35.4333	0.0000	0.0000	0.0000;
	4	47.5	0	0	0	1	100	1	47.5	0	0	0	0	0	0	0	2	20	60	0	0	35.4346	0.0000	0.0000	0.0000;
	2	3.22921984e-11	0	0	0	1	100	1	600.4	0	0	0	0	0	0	0	2	20	60	0	0	0.0000	104.9768	0.0000	0.0000;
	6	3.41952928e-11	0	0	0	1	100	1	558.7	0	0	0	0	0	0	0	2	20	60	0	0	0.0000	97.5868	0.0000	0.0000;
	6	2.45287328e-11	0	0	0	1	100	1	553	0	0	0	0	0	0	0	2	20	60	0	0	0.0000	136.4868	0.0000	0.0000;
	1	3.20928175e-11	0	0	0	1	100	1	447.9	0	0	0	0	0	0	0	2	20	60	0	0	0.0000	104.4268	0.0000	0.0000;
	5	2.45483638e-11	0	0	0	1	100	1	435	0	0	0	0	0	0	0	2	20	60	0	0	0.0000	136.4268	0.0000	0.0000;
	2	1.90780962e-11	0	0	0	1	100	1	431	0	0	0	0	0	0	0	2	20	60	0	0	0.0000	177.4268	0.0000	0.0000;
	1	1.89081525e-11	0	0	0	1	100	1	407.4	0	0	0	0	0	0	0	2	20	60	0	0	0.0000	177.8468	0.0000	0.0000;
	4	358.3	0	0	0	1	100	1	400.2	0	0	0	0	0	0	0	2	20	60	0	0	0.0000	0.0000	0.0000	0.0000;
	1	2.32288828e-11	0	0	0	1	100	1	400	0	0	0	0	0	0	0	2	20	60	0	0	0.0000	144.5668	0.0000	0.0000;
	1	2.45776644e-11	0	0	0	1	100	1	236	0	0	0	0	0	0	0	2	20	60	0	0	0.0000	136.4868	0.0000	0.0000;
	1	3.5057898e-11	0	0	0	1	100	1	168	0	0	0	0	0	0	0	2	20	60	0	0	0.0000	95.5868	0.0000	0.0000;
	1	3.47077947e-11	0	0	0	1	100	1	130.5	0	0	0	0	0	0	0	2	20	60	0	0	0.0000	96.5868	0.0000	0.0000;
	1	2.46087619e-11	0	0	0	1	100	1	117	0	0	0	0	0	0	0	2	20	60	0	0	0.0000	136.4868	0.0000	0.0000;
	2	3.45187149e-11	0	0	0	1	100	1	115.5	0	0	0	0	0	0	0	2	20	60	0	0	0.0000	98.5868	0.0000	0.0000;
	1	81	0	0	0	1	100	1	81	0	0	0	0	0	0	0	2	20	60	0	0	1.2492	0.0000	0.0000	0.0000;
	2	693.8	0	0	0	1	100	1	693.8	0	0	0	0	0	0	0	6.66666667	66.6666667	200	0	0	28.3637	0.0000	0.0000	0.0000;
	2	685.3	0	0	0	1	100	1	685.3	0	0	0	0	0	0	0	6.66666667	66.6666667	200	0	0	26.4311	0.0000	0.0000	0.0000;
	6	2.54824128e-09	0	0	0	1	100	1	675.5	0	0	0	0	0	0	0	6.66666667	66.6666667	200	0	0	0.0000	1.4268	0.0000	0.0000;
	2	1.00024361e-10	0	0	0	1	100	1	554.8	0	0	0	0	0	0	0	6.66666667	66.6666667	200	0	0	0.0000	34.4268	0.0000	0.0000;
	5	515.5	0	0	0	1	100	1	515.5	0	0	0	0	0	0	0	6.66666667	66.6666667	200	0	0	24.8427	0.0000	0.0000	0.0000;
	4	508	0	0	0	1	100	1	508	0	0	0	0	0	0	0	6.66666667	66.6666667	200	0	0	29.4765	0.0000	0.0000	0.0000;
	2	490.4	0	0	0	1	100	1	490.4	0	0	0	0	0	0	0	6.66666667	66.6666667	200	0	0	29.7093	0.0000	0.0000	0.0000;
	1	447.9	0	0	0	1	100	1	447.9	0	0	0	0	0	0	0	6.66666667	66.6666667	200	0	0	2.9575	0.0000	0.0000	0.0000;
	5	270.9	0	0	0	1	100	1	270.9	0	0	0	0	0	0	0	6.66666667	66.6666667	200	0	0	15.4460	0.0000	0.0000	0.0000;
	5	2.75422482e-09	0	0	0	1	100	1	264.9	0	0	0	0	0	0	0	6.66666667	66.6666667	200	0	0	0.0000	1.4268	0.0000	0.0000;
	5	248.7	0	0	0	1	100	1	248.7	0	0	0	0	0	0	0	6.66666667	66.6666667	200	0	0	33.3333	0.0000	0.0000	0.0000;
	5	247.8	0	0	0	1	100	1	247.8	0	0	0	0	0	0	0	6.66666667	66.6666667	200	0	0	33.2833	0.0000	0.0000	0.0000;
	5	247.8	0	0	0	1	100	1	247.8	0	0	0	0	0	0	0	6.66666667	66.6666667	200	0	0	33.3833	0.0000	0.0000	0.0000;
	2	244.9	0	0	0	1	100	1	244.9	0	0	0	0	0	0	0	6.66666667	66.6666667	200	0	0	2.1038	0.0000	0.0000	0.0000;
	6	9.66851558e-10	0	0	0	1	100	1	244.8	0	0	0	0	0	0	0	6.66666667	66.6666667	200	0	0	0.0000	2.4268	0.0000	0.0000;
	5	1.64447172e-09	0	0	0	1	100	1	238.6	0	0	0	0	0	0	0	6.66666667	66.6666667	200	0	0	0.0000	1.9268	0.0000	0.0000;
	8	238.3	0	0	0	1	100	1	238.3	0	0	0	0	0	0	0	6.66666667	66.6666667	200	0	0	28.7860	0.0000	0.0000	0.0000;
	5	2.05777342e-08	0	0	0	1	100	1	236.4	0	0	0	0	0	0	0	6.66666667	66.6666667	200	0	0	0.0000	0.9268	0.0000	0.0000;
	2	1.00458611e-10	0	0	0	1	100	1	153.5	0	0	0	0	0	0	0	6.66666667	66.6666667	200	0	0	0.0000	34.4268	0.0000	0.0000;
	5	4.2484479e-08	0	0	0	1	100	1	149	0	0	0	0	0	0	0	6.66666667	66.6666667	200	0	0	0.0000	0.9268	0.0000	0.0000;
	5	3.44849976e-08	0	0	0	1	100	1	149	0	0	0	0	0	0	0	6.66666667	66.6666667	200	0	0	0.0000	1.1768	0.0000	0.0000;
	5	2.40740204e-08	0	0	0	1	100	1	149	0	0	0	0	0	0	0	6.66666667	66.6666667	200	0	0	0.0000	1.4268	0.0000	0.0000;
	5	1.72764409e-08	0	0	0	1	100	1	149	0	0	0	0	0	0	0	6.66666667	66.6666667	200	0	0	0.0000	1.6768	0.0000	0.0000;
	6	6.8624433e-09	0	0	0	1	100	1	141.1	0	0	0	0	0	0	0	6.66666667	66.6666667	200	0	0	0.0000	1.6768	0.0000	0.0000;
	8	8.44273644e-11	0	0	0	1	100	1	141	0	0	0	0	0	0	0	6.66666667	66.6666667	200	0	0	0.0000	39.4268	0.0000	0.0000;
	6	1.21825007e-09	0	0	0	1	100	1	104.9	0	0	0	0	0	0	0	6.66666667	66.6666667	200	0	0	0.0000	1.9268	0.0000	0.0000;
	8	7.48567707e-11	0	0	0	1	100	1	104	0	0	0	0	0	0	0	6.66666667	66.6666667	200	0	0	0.0000	44.4268	0.0000	0.0000;
	1	1.6351656e-08	0	0	0	1	100	1	43.9	0	0	0	0	0	0	0	6.66666667	66.6666667	200	0	0	0.0000	1.4568	0.0000	0.0000;
	1	1.62769001e-08	0	0	0	1	100	1	43.5	0	0	0	0	0	0	0	6.66666667	66.6666667	200	0	0	0.0000	1.4568	0.0000	0.0000;
	1	1.62769001e-08	0	0	0	1	100	1	43.5	0	0	0	0	0	0	0	6.66666667	66.6666667	200	0	0	0.0000	1.4568	0.0000	0.0000;
	1	1.61117641e-08	0	0	0	1	100	1	42.6	0	0	0	0	0	0	0	6.66666667	66.6666667	200	0	0	0.0000	1.4568	0.0000	0.0000;
