function mpc = case8_isone_24_61
%CASE8_ISONE_24_61  8-zone synthetic grid based on ISO-NE data
%  This case represents hour 24/96 (4 days) and scenario 61/90.
%  Original system was created by Dheepak Krishnamurthy, Wanning Li
%  and Leigh Tesfatsion from Iowa State University.
%  Please cite [1] when publishing results based on this system.
%
%  [1] Krishnamurthy, Dheepak, Wanning Li, and Leigh Tesfatsion.
%  "An 8-zone test system based on ISO New England data: Development
%  and application." IEEE Transactions on Power Systems (2015).
%
%  Line capacities (RATE_A, RATE_B, RATE_C) are added based on line flow computation.
%
%  This Matpower case was created by X. Geng (06/21/2020).
%  Complete details (original data, scripts, revised cases) can be found at:
%  https://github.com/xb00dx/ISO-NE-8Zone-Test-System

%% MATPOWER Case Format : Version 2
mpc.version = '2';

%%-----  Power Flow Data  -----%%
%% system MVA base
mpc.baseMVA = 100;

%% bus data
%	bus_i	type	Pd	Qd	Gs	Bs	area	Vm	Va	baseKV	zone	Vmax	Vmin	lam_P	lam_Q	mu_Vmax	mu_Vmin
mpc.bus = [
	1	2	967	0	0	0	1	1	11.0158827	345	1	1.05	0.95	34.5900	0.0000	0.0000	0.0000;
	2	2	2265	0	0	0	2	1	-2.39782837	345	2	1.05	0.95	34.5900	0.0000	0.0000	0.0000;
	3	2	1286	0	0	0	3	1	-5.74352864	345	3	1.05	0.95	34.5900	0.0000	0.0000	0.0000;
	4	3	1562	0	0	0	4	1	0	345	4	1.05	0.95	34.5900	0.0000	0.0000	0.0000;
	5	2	699	0	0	0	5	1	1.92717074	345	5	1.05	0.95	34.5900	0.0000	0.0000	0.0000;
	6	2	2833	0	0	0	6	1	-8.0626051	345	6	1.05	0.95	34.5900	0.0000	0.0000	0.0000;
	7	2	524	0	0	0	7	1	2.60167315	345	7	1.05	0.95	34.5900	0.0000	0.0000	0.0000;
	8	2	950	0	0	0	8	1	3.19707048	345	8	1.05	0.95	34.5900	0.0000	0.0000	0.0000;
];

%% generator data
%	bus	Pg	Qg	Qmax	Qmin	Vg	mBase	status	Pmax	Pmin	Pc1	Pc2	Qc1min	Qc1max	Qc2min	Qc2max	ramp_agc	ramp_10	ramp_30	ramp_q	apf	mu_Pmax	mu_Pmin	mu_Qmax	mu_Qmin
mpc.gen = [
	4	1244	0	0	0	1	100	1	1244	0	0	0	0	0	0	0	2	20	60	0	0	24.0924	0.0000	0.0000	0.0000;
	1	1235	0	0	0	1	100	1	1235	0	0	0	0	0	0	0	2	20	60	0	0	24.0219	0.0000	0.0000	0.0000;
	1	881	0	0	0	1	100	1	881	0	0	0	0	0	0	0	2	20	60	0	0	29.3257	0.0000	0.0000	0.0000;
	6	684.7	0	0	0	1	100	1	684.7	0	0	0	0	0	0	0	2	20	60	0	0	27.3024	0.0000	0.0000	0.0000;
	7	620.2	0	0	0	1	100	1	620.2	0	0	0	0	0	0	0	2	20	60	0	0	23.3171	0.0000	0.0000	0.0000;
	5	612	0	0	0	1	100	1	612	0	0	0	0	0	0	0	2	20	60	0	0	16.1631	0.0000	0.0000	0.0000;
	1	372.2	0	0	0	1	100	1	372.2	0	0	0	0	0	0	0	2	20	60	0	0	13.3669	0.0000	0.0000	0.0000;
	1	372.2	0	0	0	1	100	1	372.2	0	0	0	0	0	0	0	2	20	60	0	0	13.3669	0.0000	0.0000	0.0000;
	5	244	0	0	0	1	100	1	244	0	0	0	0	0	0	0	2	20	60	0	0	16.4314	0.0000	0.0000	0.0000;
	5	243.5	0	0	0	1	100	1	243.5	0	0	0	0	0	0	0	2	20	60	0	0	16.3316	0.0000	0.0000	0.0000;
	2	149.8	0	0	0	1	100	1	149.8	0	0	0	0	0	0	0	2	20	60	0	0	16.1540	0.0000	0.0000	0.0000;
	8	144.4	0	0	0	1	100	1	144.4	0	0	0	0	0	0	0	2	20	60	0	0	16.2553	0.0000	0.0000	0.0000;
	2	82	0	0	0	1	100	1	82	0	0	0	0	0	0	0	2	20	60	0	0	16.1703	0.0000	0.0000	0.0000;
	2	80	0	0	0	1	100	1	80	0	0	0	0	0	0	0	2	20	60	0	0	16.2708	0.0000	0.0000	0.0000;
	4	47.9	0	0	0	1	100	1	47.9	0	0	0	0	0	0	0	2	20	60	0	0	14.4500	0.0000	0.0000	0.0000;
	4	47.5	0	0	0	1	100	1	47.5	0	0	0	0	0	0	0	2	20	60	0	0	14.4514	0.0000	0.0000	0.0000;
	2	5.33910409e-14	0	0	0	1	100	1	600.4	0	0	0	0	0	0	0	2	20	60	0	0	0.0000	125.9600	0.0000	0.0000;
	6	5.77048415e-14	0	0	0	1	100	1	558.7	0	0	0	0	0	0	0	2	20	60	0	0	0.0000	118.5700	0.0000	0.0000;
	6	4.4650551e-14	0	0	0	1	100	1	553	0	0	0	0	0	0	0	2	20	60	0	0	0.0000	157.4700	0.0000	0.0000;
	1	5.50189781e-14	0	0	0	1	100	1	447.9	0	0	0	0	0	0	0	2	20	60	0	0	0.0000	125.4100	0.0000	0.0000;
	5	4.39377604e-14	0	0	0	1	100	1	435	0	0	0	0	0	0	0	2	20	60	0	0	0.0000	157.4100	0.0000	0.0000;
	2	3.46815157e-14	0	0	0	1	100	1	431	0	0	0	0	0	0	0	2	20	60	0	0	0.0000	198.4100	0.0000	0.0000;
	1	3.58246246e-14	0	0	0	1	100	1	407.4	0	0	0	0	0	0	0	2	20	60	0	0	0.0000	198.8300	0.0000	0.0000;
	4	1.62972238e-13	0	0	0	1	100	1	400.2	0	0	0	0	0	0	0	2	20	60	0	0	0.0000	19.9800	0.0000	0.0000;
	1	4.22032872e-14	0	0	0	1	100	1	400	0	0	0	0	0	0	0	2	20	60	0	0	0.0000	165.5500	0.0000	0.0000;
	1	4.28864501e-14	0	0	0	1	100	1	236	0	0	0	0	0	0	0	2	20	60	0	0	0.0000	157.4700	0.0000	0.0000;
	1	5.59029713e-14	0	0	0	1	100	1	168	0	0	0	0	0	0	0	2	20	60	0	0	0.0000	116.5700	0.0000	0.0000;
	1	5.6882871e-14	0	0	0	1	100	1	130.5	0	0	0	0	0	0	0	2	20	60	0	0	0.0000	117.5700	0.0000	0.0000;
	1	4.28232002e-14	0	0	0	1	100	1	117	0	0	0	0	0	0	0	2	20	60	0	0	0.0000	157.4700	0.0000	0.0000;
	2	6.00080689e-14	0	0	0	1	100	1	115.5	0	0	0	0	0	0	0	2	20	60	0	0	0.0000	119.5700	0.0000	0.0000;
	1	3.63669327e-13	0	0	0	1	100	1	81	0	0	0	0	0	0	0	2	20	60	0	0	0.0000	19.4100	0.0000	0.0000;
	2	693.8	0	0	0	1	100	1	693.8	0	0	0	0	0	0	0	6.66666667	66.6666667	200	0	0	7.3805	0.0000	0.0000	0.0000;
	2	685.3	0	0	0	1	100	1	685.3	0	0	0	0	0	0	0	6.66666667	66.6666667	200	0	0	5.4478	0.0000	0.0000	0.0000;
	6	1.3029083e-13	0	0	0	1	100	1	675.5	0	0	0	0	0	0	0	6.66666667	66.6666667	200	0	0	0.0000	22.4100	0.0000	0.0000;
	2	1.08081933e-13	0	0	0	1	100	1	554.8	0	0	0	0	0	0	0	6.66666667	66.6666667	200	0	0	0.0000	55.4100	0.0000	0.0000;
	5	515.5	0	0	0	1	100	1	515.5	0	0	0	0	0	0	0	6.66666667	66.6666667	200	0	0	3.8595	0.0000	0.0000	0.0000;
	4	508	0	0	0	1	100	1	508	0	0	0	0	0	0	0	6.66666667	66.6666667	200	0	0	8.4933	0.0000	0.0000	0.0000;
	2	490.4	0	0	0	1	100	1	490.4	0	0	0	0	0	0	0	6.66666667	66.6666667	200	0	0	8.7261	0.0000	0.0000	0.0000;
	1	2.75404163e-13	0	0	0	1	100	1	447.9	0	0	0	0	0	0	0	6.66666667	66.6666667	200	0	0	0.0000	15.4100	0.0000	0.0000;
	5	150	0	0	0	1	100	1	270.9	0	0	0	0	0	0	0	6.66666667	66.6666667	200	0	0	0.0000	0.0000	0.0000	0.0000;
	5	1.24635984e-13	0	0	0	1	100	1	264.9	0	0	0	0	0	0	0	6.66666667	66.6666667	200	0	0	0.0000	22.4100	0.0000	0.0000;
	5	248.7	0	0	0	1	100	1	248.7	0	0	0	0	0	0	0	6.66666667	66.6666667	200	0	0	12.3501	0.0000	0.0000	0.0000;
	5	247.8	0	0	0	1	100	1	247.8	0	0	0	0	0	0	0	6.66666667	66.6666667	200	0	0	12.3001	0.0000	0.0000	0.0000;
	5	247.8	0	0	0	1	100	1	247.8	0	0	0	0	0	0	0	6.66666667	66.6666667	200	0	0	12.4001	0.0000	0.0000	0.0000;
	2	2.16005772e-13	0	0	0	1	100	1	244.9	0	0	0	0	0	0	0	6.66666667	66.6666667	200	0	0	0.0000	17.4100	0.0000	0.0000;
	6	1.23572329e-13	0	0	0	1	100	1	244.8	0	0	0	0	0	0	0	6.66666667	66.6666667	200	0	0	0.0000	23.4100	0.0000	0.0000;
	5	1.23242464e-13	0	0	0	1	100	1	238.6	0	0	0	0	0	0	0	6.66666667	66.6666667	200	0	0	0.0000	22.9100	0.0000	0.0000;
	8	238.3	0	0	0	1	100	1	238.3	0	0	0	0	0	0	0	6.66666667	66.6666667	200	0	0	7.8028	0.0000	0.0000	0.0000;
	5	1.25763495e-13	0	0	0	1	100	1	236.4	0	0	0	0	0	0	0	6.66666667	66.6666667	200	0	0	0.0000	21.9100	0.0000	0.0000;
	2	1.29026738e-13	0	0	0	1	100	1	153.5	0	0	0	0	0	0	0	6.66666667	66.6666667	200	0	0	0.0000	55.4100	0.0000	0.0000;
	5	1.16077512e-13	0	0	0	1	100	1	149	0	0	0	0	0	0	0	6.66666667	66.6666667	200	0	0	0.0000	21.9100	0.0000	0.0000;
	5	1.18409473e-13	0	0	0	1	100	1	149	0	0	0	0	0	0	0	6.66666667	66.6666667	200	0	0	0.0000	22.1600	0.0000	0.0000;
	5	1.23363972e-13	0	0	0	1	100	1	149	0	0	0	0	0	0	0	6.66666667	66.6666667	200	0	0	0.0000	22.4100	0.0000	0.0000;
	5	1.49362897e-13	0	0	0	1	100	1	149	0	0	0	0	0	0	0	6.66666667	66.6666667	200	0	0	0.0000	22.6600	0.0000	0.0000;
	6	1.08774012e-13	0	0	0	1	100	1	141.1	0	0	0	0	0	0	0	6.66666667	66.6666667	200	0	0	0.0000	22.6600	0.0000	0.0000;
	8	9.38544531e-14	0	0	0	1	100	1	141	0	0	0	0	0	0	0	6.66666667	66.6666667	200	0	0	0.0000	60.4100	0.0000	0.0000;
	6	9.73786052e-14	0	0	0	1	100	1	104.9	0	0	0	0	0	0	0	6.66666667	66.6666667	200	0	0	0.0000	22.9100	0.0000	0.0000;
	8	8.23903113e-14	0	0	0	1	100	1	104	0	0	0	0	0	0	0	6.66666667	66.6666667	200	0	0	0.0000	65.4100	0.0000	0.0000;
	1	3.87449526e-13	0	0	0	1	100	1	43.9	0	0	0	0	0	0	0	6.66666667	66.6666667	200	0	0	0.0000	22.4400	0.0000	0.0000;
	1	3.88090427e-13	0	0	0	1	100	1	43.5	0	0	0	0	0	0	0	6.66666667	66.6666667	200	0	0	0.0000	22.4400	0.0000	0.0000;
	1	3.88090427e-13	0	0	0	1	100	1	43.5	0	0	0	0	0	0	0	6.66666667	66.6666667	200	0	0	0.0000	22.4400	0.0000	0.0000;
	1	3.89505569e-13	0	0	0	1	100	1	42.6	0	0	0	0	0	0	0	6.66666667	66.6666667	200	0	0	0.0000	22.4400	0.0000	0.0000;
