function mpc = case8_isone_45_43
%CASE8_ISONE_45_43  8-zone synthetic grid based on ISO-NE data
%  This case represents hour 45/96 (4 days) and scenario 43/90.
%  Original system was created by Dheepak Krishnamurthy, Wanning Li
%  and Leigh Tesfatsion from Iowa State University.
%  Please cite [1] when publishing results based on this system.
%
%  [1] Krishnamurthy, Dheepak, Wanning Li, and Leigh Tesfatsion.
%  "An 8-zone test system based on ISO New England data: Development
%  and application." IEEE Transactions on Power Systems (2015).
%
%  Line capacities (RATE_A, RATE_B, RATE_C) are added based on line flow computation.
%
%  This Matpower case was created by X. Geng (06/21/2020).
%  Complete details (original data, scripts, revised cases) can be found at:
%  https://github.com/xb00dx/ISO-NE-8Zone-Test-System

%% MATPOWER Case Format : Version 2
mpc.version = '2';

%%-----  Power Flow Data  -----%%
%% system MVA base
mpc.baseMVA = 100;

%% bus data
%	bus_i	type	Pd	Qd	Gs	Bs	area	Vm	Va	baseKV	zone	Vmax	Vmin	lam_P	lam_Q	mu_Vmax	mu_Vmin
mpc.bus = [
	1	2	1475	0	0	0	1	1	14.6846767	345	1	1.05	0.95	100.7665	0.0000	0.0000	0.0000;
	2	2	3059	0	0	0	2	1	2.16291568	345	2	1.05	0.95	100.7665	0.0000	0.0000	0.0000;
	3	2	1948	0	0	0	3	1	-4.38978928	345	3	1.05	0.95	100.7665	0.0000	0.0000	0.0000;
	4	3	2260	0	0	0	4	1	0	345	4	1.05	0.95	100.7665	0.0000	0.0000	0.0000;
	5	2	1030	0	0	0	5	1	7.66537035	345	5	1.05	0.95	100.7665	0.0000	0.0000	0.0000;
	6	2	4029	0	0	0	6	1	-4.60171985	345	6	1.05	0.95	100.7665	0.0000	0.0000	0.0000;
	7	2	725	0	0	0	7	1	0.5837896	345	7	1.05	0.95	100.7665	0.0000	0.0000	0.0000;
	8	2	1431	0	0	0	8	1	5.06223262	345	8	1.05	0.95	100.7665	0.0000	0.0000	0.0000;
];

%% generator data
%	bus	Pg	Qg	Qmax	Qmin	Vg	mBase	status	Pmax	Pmin	Pc1	Pc2	Qc1min	Qc1max	Qc2min	Qc2max	ramp_agc	ramp_10	ramp_30	ramp_q	apf	mu_Pmax	mu_Pmin	mu_Qmax	mu_Qmin
mpc.gen = [
	4	1244	0	0	0	1	100	1	1244	0	0	0	0	0	0	0	2	20	60	0	0	90.2689	0.0000	0.0000	0.0000;
	1	1235	0	0	0	1	100	1	1235	0	0	0	0	0	0	0	2	20	60	0	0	90.1984	0.0000	0.0000	0.0000;
	1	881	0	0	0	1	100	1	881	0	0	0	0	0	0	0	2	20	60	0	0	95.5022	0.0000	0.0000	0.0000;
	6	684.7	0	0	0	1	100	1	684.7	0	0	0	0	0	0	0	2	20	60	0	0	93.4789	0.0000	0.0000	0.0000;
	7	620.2	0	0	0	1	100	1	620.2	0	0	0	0	0	0	0	2	20	60	0	0	89.4936	0.0000	0.0000	0.0000;
	5	612	0	0	0	1	100	1	612	0	0	0	0	0	0	0	2	20	60	0	0	82.3396	0.0000	0.0000	0.0000;
	1	372.2	0	0	0	1	100	1	372.2	0	0	0	0	0	0	0	2	20	60	0	0	79.5434	0.0000	0.0000	0.0000;
	1	372.2	0	0	0	1	100	1	372.2	0	0	0	0	0	0	0	2	20	60	0	0	79.5434	0.0000	0.0000	0.0000;
	5	244	0	0	0	1	100	1	244	0	0	0	0	0	0	0	2	20	60	0	0	82.6079	0.0000	0.0000	0.0000;
	5	243.5	0	0	0	1	100	1	243.5	0	0	0	0	0	0	0	2	20	60	0	0	82.5081	0.0000	0.0000	0.0000;
	2	149.8	0	0	0	1	100	1	149.8	0	0	0	0	0	0	0	2	20	60	0	0	82.3305	0.0000	0.0000	0.0000;
	8	144.4	0	0	0	1	100	1	144.4	0	0	0	0	0	0	0	2	20	60	0	0	82.4318	0.0000	0.0000	0.0000;
	2	82	0	0	0	1	100	1	82	0	0	0	0	0	0	0	2	20	60	0	0	82.3468	0.0000	0.0000	0.0000;
	2	80	0	0	0	1	100	1	80	0	0	0	0	0	0	0	2	20	60	0	0	82.4473	0.0000	0.0000	0.0000;
	4	47.9	0	0	0	1	100	1	47.9	0	0	0	0	0	0	0	2	20	60	0	0	80.6265	0.0000	0.0000	0.0000;
	4	47.5	0	0	0	1	100	1	47.5	0	0	0	0	0	0	0	2	20	60	0	0	80.6279	0.0000	0.0000	0.0000;
	2	2.26856045e-10	0	0	0	1	100	1	600.4	0	0	0	0	0	0	0	2	20	60	0	0	0.0000	59.7835	0.0000	0.0000;
	6	2.76106987e-10	0	0	0	1	100	1	558.7	0	0	0	0	0	0	0	2	20	60	0	0	0.0000	52.3935	0.0000	0.0000;
	6	1.3537125e-10	0	0	0	1	100	1	553	0	0	0	0	0	0	0	2	20	60	0	0	0.0000	91.2935	0.0000	0.0000;
	1	2.29049905e-10	0	0	0	1	100	1	447.9	0	0	0	0	0	0	0	2	20	60	0	0	0.0000	59.2335	0.0000	0.0000;
	5	1.33443211e-10	0	0	0	1	100	1	435	0	0	0	0	0	0	0	2	20	60	0	0	0.0000	91.2335	0.0000	0.0000;
	2	7.82825577e-11	0	0	0	1	100	1	431	0	0	0	0	0	0	0	2	20	60	0	0	0.0000	132.2335	0.0000	0.0000;
	1	7.84400033e-11	0	0	0	1	100	1	407.4	0	0	0	0	0	0	0	2	20	60	0	0	0.0000	132.6535	0.0000	0.0000;
	4	400.2	0	0	0	1	100	1	400.2	0	0	0	0	0	0	0	2	20	60	0	0	45.0759	0.0000	0.0000	0.0000;
	1	1.12987234e-10	0	0	0	1	100	1	400	0	0	0	0	0	0	0	2	20	60	0	0	0.0000	99.3735	0.0000	0.0000;
	1	1.29290605e-10	0	0	0	1	100	1	236	0	0	0	0	0	0	0	2	20	60	0	0	0.0000	91.2935	0.0000	0.0000;
	1	2.87140217e-10	0	0	0	1	100	1	168	0	0	0	0	0	0	0	2	20	60	0	0	0.0000	50.3935	0.0000	0.0000;
	1	2.79043138e-10	0	0	0	1	100	1	130.5	0	0	0	0	0	0	0	2	20	60	0	0	0.0000	51.3935	0.0000	0.0000;
	1	1.39840282e-10	0	0	0	1	100	1	117	0	0	0	0	0	0	0	2	20	60	0	0	0.0000	91.2935	0.0000	0.0000;
	2	2.68691006e-10	0	0	0	1	100	1	115.5	0	0	0	0	0	0	0	2	20	60	0	0	0.0000	53.3935	0.0000	0.0000;
	1	81	0	0	0	1	100	1	81	0	0	0	0	0	0	0	2	20	60	0	0	46.4425	0.0000	0.0000	0.0000;
	2	693.8	0	0	0	1	100	1	693.8	0	0	0	0	0	0	0	6.66666667	66.6666667	200	0	0	73.5570	0.0000	0.0000	0.0000;
	2	685.3	0	0	0	1	100	1	685.3	0	0	0	0	0	0	0	6.66666667	66.6666667	200	0	0	71.6243	0.0000	0.0000	0.0000;
	6	675.5	0	0	0	1	100	1	675.5	0	0	0	0	0	0	0	6.66666667	66.6666667	200	0	0	39.8216	0.0000	0.0000	0.0000;
	2	554.8	0	0	0	1	100	1	554.8	0	0	0	0	0	0	0	6.66666667	66.6666667	200	0	0	7.5265	0.0000	0.0000	0.0000;
	5	515.5	0	0	0	1	100	1	515.5	0	0	0	0	0	0	0	6.66666667	66.6666667	200	0	0	70.0360	0.0000	0.0000	0.0000;
	4	508	0	0	0	1	100	1	508	0	0	0	0	0	0	0	6.66666667	66.6666667	200	0	0	74.6698	0.0000	0.0000	0.0000;
	2	490.4	0	0	0	1	100	1	490.4	0	0	0	0	0	0	0	6.66666667	66.6666667	200	0	0	74.9026	0.0000	0.0000	0.0000;
	1	447.9	0	0	0	1	100	1	447.9	0	0	0	0	0	0	0	6.66666667	66.6666667	200	0	0	48.1508	0.0000	0.0000	0.0000;
	5	270.9	0	0	0	1	100	1	270.9	0	0	0	0	0	0	0	6.66666667	66.6666667	200	0	0	60.6393	0.0000	0.0000	0.0000;
	5	264.9	0	0	0	1	100	1	264.9	0	0	0	0	0	0	0	6.66666667	66.6666667	200	0	0	42.1771	0.0000	0.0000	0.0000;
	5	248.7	0	0	0	1	100	1	248.7	0	0	0	0	0	0	0	6.66666667	66.6666667	200	0	0	78.5266	0.0000	0.0000	0.0000;
	5	247.8	0	0	0	1	100	1	247.8	0	0	0	0	0	0	0	6.66666667	66.6666667	200	0	0	78.4766	0.0000	0.0000	0.0000;
	5	247.8	0	0	0	1	100	1	247.8	0	0	0	0	0	0	0	6.66666667	66.6666667	200	0	0	78.5766	0.0000	0.0000	0.0000;
	2	244.9	0	0	0	1	100	1	244.9	0	0	0	0	0	0	0	6.66666667	66.6666667	200	0	0	47.2971	0.0000	0.0000	0.0000;
	6	244.8	0	0	0	1	100	1	244.8	0	0	0	0	0	0	0	6.66666667	66.6666667	200	0	0	40.8081	0.0000	0.0000	0.0000;
	5	238.6	0	0	0	1	100	1	238.6	0	0	0	0	0	0	0	6.66666667	66.6666667	200	0	0	41.5963	0.0000	0.0000	0.0000;
	8	238.3	0	0	0	1	100	1	238.3	0	0	0	0	0	0	0	6.66666667	66.6666667	200	0	0	73.9793	0.0000	0.0000	0.0000;
	5	236.4	0	0	0	1	100	1	236.4	0	0	0	0	0	0	0	6.66666667	66.6666667	200	0	0	42.5077	0.0000	0.0000	0.0000;
	2	153.5	0	0	0	1	100	1	153.5	0	0	0	0	0	0	0	6.66666667	66.6666667	200	0	0	9.5078	0.0000	0.0000	0.0000;
	5	149	0	0	0	1	100	1	149	0	0	0	0	0	0	0	6.66666667	66.6666667	200	0	0	41.8825	0.0000	0.0000	0.0000;
	5	149	0	0	0	1	100	1	149	0	0	0	0	0	0	0	6.66666667	66.6666667	200	0	0	40.1425	0.0000	0.0000	0.0000;
	5	149	0	0	0	1	100	1	149	0	0	0	0	0	0	0	6.66666667	66.6666667	200	0	0	38.5515	0.0000	0.0000	0.0000;
	5	149	0	0	0	1	100	1	149	0	0	0	0	0	0	0	6.66666667	66.6666667	200	0	0	36.9605	0.0000	0.0000	0.0000;
	6	141.1	0	0	0	1	100	1	141.1	0	0	0	0	0	0	0	6.66666667	66.6666667	200	0	0	39.2835	0.0000	0.0000	0.0000;
	8	141	0	0	0	1	100	1	141	0	0	0	0	0	0	0	6.66666667	66.6666667	200	0	0	4.7795	0.0000	0.0000	0.0000;
	6	104.9	0	0	0	1	100	1	104.9	0	0	0	0	0	0	0	6.66666667	66.6666667	200	0	0	42.2175	0.0000	0.0000	0.0000;
	8	51.1	0	0	0	1	100	1	104	0	0	0	0	0	0	0	6.66666667	66.6666667	200	0	0	0.0000	0.0000	0.0000	0.0000;
	1	43.9	0	0	0	1	100	1	43.9	0	0	0	0	0	0	0	6.66666667	66.6666667	200	0	0	41.8637	0.0000	0.0000	0.0000;
	1	43.5	0	0	0	1	100	1	43.5	0	0	0	0	0	0	0	6.66666667	66.6666667	200	0	0	41.8808	0.0000	0.0000	0.0000;
	1	43.5	0	0	0	1	100	1	43.5	0	0	0	0	0	0	0	6.66666667	66.6666667	200	0	0	41.8808	0.0000	0.0000	0.0000;
	1	42.6	0	0	0	1	100	1	42.6	0	0	0	0	0	0	0	6.66666667	66.6666667	200	0	0	41.9192	0.0000	0.0000	0.0000;
	8	3.52963157e-11	0	0	0	1	100	1	275	0	0	0	0	0	0	0	6.66666667	66.6666667	200	0	0	0.0000	274.2335	0.0000	0.0000;
	5	3.27887981e-11	0	0	0	1	100	1	300	0	0	0	0	0	0	0	6.66666667	66.6666667	200	0	0	0.0000	299.2335	0.0000	0.0000;
