function mpc = case8_isone_69_52
%CASE8_ISONE_69_52  8-zone synthetic grid based on ISO-NE data
%  This case represents hour 69/96 (4 days) and scenario 52/90.
%  Original system was created by Dheepak Krishnamurthy, Wanning Li
%  and Leigh Tesfatsion from Iowa State University.
%  Please cite [1] when publishing results based on this system.
%
%  [1] Krishnamurthy, Dheepak, Wanning Li, and Leigh Tesfatsion.
%  "An 8-zone test system based on ISO New England data: Development
%  and application." IEEE Transactions on Power Systems (2015).
%
%  Line capacities (RATE_A, RATE_B, RATE_C) are added based on line flow computation.
%
%  This Matpower case was created by X. Geng (06/21/2020).
%  Complete details (original data, scripts, revised cases) can be found at:
%  https://github.com/xb00dx/ISO-NE-8Zone-Test-System

%% MATPOWER Case Format : Version 2
mpc.version = '2';

%%-----  Power Flow Data  -----%%
%% system MVA base
mpc.baseMVA = 100;

%% bus data
%	bus_i	type	Pd	Qd	Gs	Bs	area	Vm	Va	baseKV	zone	Vmax	Vmin	lam_P	lam_Q	mu_Vmax	mu_Vmin
mpc.bus = [
	1	2	1368	0	0	0	1	1	15.7855389	345	1	1.05	0.95	59.4329	0.0000	0.0000	0.0000;
	2	2	2758	0	0	0	2	1	-9.50536982	345	2	1.05	0.95	59.4329	0.0000	0.0000	0.0000;
	3	2	1743	0	0	0	3	1	-3.46767813	345	3	1.05	0.95	59.4329	0.0000	0.0000	0.0000;
	4	3	2024	0	0	0	4	1	0	345	4	1.05	0.95	59.4329	0.0000	0.0000	0.0000;
	5	2	917	0	0	0	5	1	8.10229581	345	5	1.05	0.95	59.4329	0.0000	0.0000	0.0000;
	6	2	3691	0	0	0	6	1	-4.07952324	345	6	1.05	0.95	59.4329	0.0000	0.0000	0.0000;
	7	2	663	0	0	0	7	1	1.71999464	345	7	1.05	0.95	59.4329	0.0000	0.0000	0.0000;
	8	2	1275	0	0	0	8	1	5.77134222	345	8	1.05	0.95	59.4329	0.0000	0.0000	0.0000;
];

%% generator data
%	bus	Pg	Qg	Qmax	Qmin	Vg	mBase	status	Pmax	Pmin	Pc1	Pc2	Qc1min	Qc1max	Qc2min	Qc2max	ramp_agc	ramp_10	ramp_30	ramp_q	apf	mu_Pmax	mu_Pmin	mu_Qmax	mu_Qmin
mpc.gen = [
	4	1244	0	0	0	1	100	1	1244	0	0	0	0	0	0	0	2	20	60	0	0	48.9353	0.0000	0.0000	0.0000;
	1	1235	0	0	0	1	100	1	1235	0	0	0	0	0	0	0	2	20	60	0	0	48.8648	0.0000	0.0000	0.0000;
	1	881	0	0	0	1	100	1	881	0	0	0	0	0	0	0	2	20	60	0	0	54.1686	0.0000	0.0000	0.0000;
	6	684.7	0	0	0	1	100	1	684.7	0	0	0	0	0	0	0	2	20	60	0	0	52.1454	0.0000	0.0000	0.0000;
	7	620.2	0	0	0	1	100	1	620.2	0	0	0	0	0	0	0	2	20	60	0	0	48.1601	0.0000	0.0000	0.0000;
	5	612	0	0	0	1	100	1	612	0	0	0	0	0	0	0	2	20	60	0	0	41.0061	0.0000	0.0000	0.0000;
	1	372.2	0	0	0	1	100	1	372.2	0	0	0	0	0	0	0	2	20	60	0	0	38.2098	0.0000	0.0000	0.0000;
	1	372.2	0	0	0	1	100	1	372.2	0	0	0	0	0	0	0	2	20	60	0	0	38.2098	0.0000	0.0000	0.0000;
	5	244	0	0	0	1	100	1	244	0	0	0	0	0	0	0	2	20	60	0	0	41.2744	0.0000	0.0000	0.0000;
	5	243.5	0	0	0	1	100	1	243.5	0	0	0	0	0	0	0	2	20	60	0	0	41.1745	0.0000	0.0000	0.0000;
	2	149.8	0	0	0	1	100	1	149.8	0	0	0	0	0	0	0	2	20	60	0	0	40.9970	0.0000	0.0000	0.0000;
	8	144.4	0	0	0	1	100	1	144.4	0	0	0	0	0	0	0	2	20	60	0	0	41.0983	0.0000	0.0000	0.0000;
	2	82	0	0	0	1	100	1	82	0	0	0	0	0	0	0	2	20	60	0	0	41.0133	0.0000	0.0000	0.0000;
	2	80	0	0	0	1	100	1	80	0	0	0	0	0	0	0	2	20	60	0	0	41.1137	0.0000	0.0000	0.0000;
	4	47.9	0	0	0	1	100	1	47.9	0	0	0	0	0	0	0	2	20	60	0	0	39.2930	0.0000	0.0000	0.0000;
	4	47.5	0	0	0	1	100	1	47.5	0	0	0	0	0	0	0	2	20	60	0	0	39.2943	0.0000	0.0000	0.0000;
	2	2.32292042e-13	0	0	0	1	100	1	600.4	0	0	0	0	0	0	0	2	20	60	0	0	0.0000	101.1171	0.0000	0.0000;
	6	2.50335504e-13	0	0	0	1	100	1	558.7	0	0	0	0	0	0	0	2	20	60	0	0	0.0000	93.7271	0.0000	0.0000;
	6	1.77619331e-13	0	0	0	1	100	1	553	0	0	0	0	0	0	0	2	20	60	0	0	0.0000	132.6271	0.0000	0.0000;
	1	2.33696004e-13	0	0	0	1	100	1	447.9	0	0	0	0	0	0	0	2	20	60	0	0	0.0000	100.5671	0.0000	0.0000;
	5	1.77781825e-13	0	0	0	1	100	1	435	0	0	0	0	0	0	0	2	20	60	0	0	0.0000	132.5671	0.0000	0.0000;
	2	1.36135102e-13	0	0	0	1	100	1	431	0	0	0	0	0	0	0	2	20	60	0	0	0.0000	173.5671	0.0000	0.0000;
	1	1.35888581e-13	0	0	0	1	100	1	407.4	0	0	0	0	0	0	0	2	20	60	0	0	0.0000	173.9871	0.0000	0.0000;
	4	400.2	0	0	0	1	100	1	400.2	0	0	0	0	0	0	0	2	20	60	0	0	3.7424	0.0000	0.0000	0.0000;
	1	1.67626387e-13	0	0	0	1	100	1	400	0	0	0	0	0	0	0	2	20	60	0	0	0.0000	140.7071	0.0000	0.0000;
	1	1.77851599e-13	0	0	0	1	100	1	236	0	0	0	0	0	0	0	2	20	60	0	0	0.0000	132.6271	0.0000	0.0000;
	1	2.56313802e-13	0	0	0	1	100	1	168	0	0	0	0	0	0	0	2	20	60	0	0	0.0000	91.7271	0.0000	0.0000;
	1	2.53635969e-13	0	0	0	1	100	1	130.5	0	0	0	0	0	0	0	2	20	60	0	0	0.0000	92.7271	0.0000	0.0000;
	1	1.77944103e-13	0	0	0	1	100	1	117	0	0	0	0	0	0	0	2	20	60	0	0	0.0000	132.6271	0.0000	0.0000;
	2	2.48376127e-13	0	0	0	1	100	1	115.5	0	0	0	0	0	0	0	2	20	60	0	0	0.0000	94.7271	0.0000	0.0000;
	1	81	0	0	0	1	100	1	81	0	0	0	0	0	0	0	2	20	60	0	0	5.1089	0.0000	0.0000	0.0000;
	2	693.8	0	0	0	1	100	1	693.8	0	0	0	0	0	0	0	6.66666667	66.6666667	200	0	0	32.2234	0.0000	0.0000	0.0000;
	2	685.3	0	0	0	1	100	1	685.3	0	0	0	0	0	0	0	6.66666667	66.6666667	200	0	0	30.2908	0.0000	0.0000	0.0000;
	6	416.600815	0	0	0	1	100	1	675.5	0	0	0	0	0	0	0	6.66666667	66.6666667	200	0	0	0.0000	0.0000	0.0000	0.0000;
	2	7.44091679e-13	0	0	0	1	100	1	554.8	0	0	0	0	0	0	0	6.66666667	66.6666667	200	0	0	0.0000	30.5671	0.0000	0.0000;
	5	515.5	0	0	0	1	100	1	515.5	0	0	0	0	0	0	0	6.66666667	66.6666667	200	0	0	28.7024	0.0000	0.0000	0.0000;
	4	508	0	0	0	1	100	1	508	0	0	0	0	0	0	0	6.66666667	66.6666667	200	0	0	33.3362	0.0000	0.0000	0.0000;
	2	490.4	0	0	0	1	100	1	490.4	0	0	0	0	0	0	0	6.66666667	66.6666667	200	0	0	33.5690	0.0000	0.0000	0.0000;
	1	447.9	0	0	0	1	100	1	447.9	0	0	0	0	0	0	0	6.66666667	66.6666667	200	0	0	6.8172	0.0000	0.0000	0.0000;
	5	270.9	0	0	0	1	100	1	270.9	0	0	0	0	0	0	0	6.66666667	66.6666667	200	0	0	19.3057	0.0000	0.0000	0.0000;
	5	264.9	0	0	0	1	100	1	264.9	0	0	0	0	0	0	0	6.66666667	66.6666667	200	0	0	0.8435	0.0000	0.0000	0.0000;
	5	248.7	0	0	0	1	100	1	248.7	0	0	0	0	0	0	0	6.66666667	66.6666667	200	0	0	37.1930	0.0000	0.0000	0.0000;
	5	247.8	0	0	0	1	100	1	247.8	0	0	0	0	0	0	0	6.66666667	66.6666667	200	0	0	37.1430	0.0000	0.0000	0.0000;
	5	247.8	0	0	0	1	100	1	247.8	0	0	0	0	0	0	0	6.66666667	66.6666667	200	0	0	37.2430	0.0000	0.0000	0.0000;
	2	244.9	0	0	0	1	100	1	244.9	0	0	0	0	0	0	0	6.66666667	66.6666667	200	0	0	5.9635	0.0000	0.0000	0.0000;
	6	179.118595	0	0	0	1	100	1	244.8	0	0	0	0	0	0	0	6.66666667	66.6666667	200	0	0	0.0000	0.0000	0.0000	0.0000;
	5	238.6	0	0	0	1	100	1	238.6	0	0	0	0	0	0	0	6.66666667	66.6666667	200	0	0	0.2627	0.0000	0.0000	0.0000;
	8	238.3	0	0	0	1	100	1	238.3	0	0	0	0	0	0	0	6.66666667	66.6666667	200	0	0	32.6457	0.0000	0.0000	0.0000;
	5	236.4	0	0	0	1	100	1	236.4	0	0	0	0	0	0	0	6.66666667	66.6666667	200	0	0	1.1741	0.0000	0.0000	0.0000;
	2	7.5743752e-13	0	0	0	1	100	1	153.5	0	0	0	0	0	0	0	6.66666667	66.6666667	200	0	0	0.0000	30.5671	0.0000	0.0000;
	5	149	0	0	0	1	100	1	149	0	0	0	0	0	0	0	6.66666667	66.6666667	200	0	0	0.5489	0.0000	0.0000	0.0000;
	5	103.190337	0	0	0	1	100	1	149	0	0	0	0	0	0	0	6.66666667	66.6666667	200	0	0	0.0000	0.0000	0.0000	0.0000;
	5	69.5128218	0	0	0	1	100	1	149	0	0	0	0	0	0	0	6.66666667	66.6666667	200	0	0	0.0000	0.0000	0.0000	0.0000;
	5	49.6124719	0	0	0	1	100	1	149	0	0	0	0	0	0	0	6.66666667	66.6666667	200	0	0	0.0000	0.0000	0.0000	0.0000;
	6	72.7649587	0	0	0	1	100	1	141.1	0	0	0	0	0	0	0	6.66666667	66.6666667	200	0	0	0.0000	0.0000	0.0000	0.0000;
	8	6.50141696e-13	0	0	0	1	100	1	141	0	0	0	0	0	0	0	6.66666667	66.6666667	200	0	0	0.0000	35.5671	0.0000	0.0000;
	6	104.9	0	0	0	1	100	1	104.9	0	0	0	0	0	0	0	6.66666667	66.6666667	200	0	0	0.8839	0.0000	0.0000	0.0000;
	8	5.74229074e-13	0	0	0	1	100	1	104	0	0	0	0	0	0	0	6.66666667	66.6666667	200	0	0	0.0000	40.5671	0.0000	0.0000;
	1	43.9	0	0	0	1	100	1	43.9	0	0	0	0	0	0	0	6.66666667	66.6666667	200	0	0	0.5302	0.0000	0.0000	0.0000;
	1	43.5	0	0	0	1	100	1	43.5	0	0	0	0	0	0	0	6.66666667	66.6666667	200	0	0	0.5472	0.0000	0.0000	0.0000;
	1	43.5	0	0	0	1	100	1	43.5	0	0	0	0	0	0	0	6.66666667	66.6666667	200	0	0	0.5472	0.0000	0.0000	0.0000;
	1	42.6	0	0	0	1	100	1	42.6	0	0	0	0	0	0	0	6.66666667	66.6666667	200	0	0	0.5856	0.0000	0.0000	0.0000;
	8	7.51721482e-14	0	0	0	1	100	1	275	0	0	0	0	0	0	0	6.66666667	66.6666667	200	0	0	0.0000	315.5671	0.0000	0.0000;
